# Synthetic Kronecker Graph Using RMAT
# K : 10, Sample: 2
# Number of edges: 2059
# Graph generation time (s): 0.51
4 3
2 0
0 8
20 3
14 0
1 18
16 6
1 14
0 9
27 16
16 10
4 0
18 8
0 25
8 0
10 1
16 3
21 2
8 9
7 16
20 3
16 0
8 1
1 22
0 21
16 5
1 18
19 0
24 4
2 0
1 9
4 9
0 2
0 3
18 16
0 24
4 18
2 0
5 14
2 16
0 8
7 2
13 2
10 21
5 24
16 35
9 36
2 32
0 36
24 32
28 32
2 42
0 39
9 32
8 36
11 32
0 40
24 34
14 48
17 32
0 48
25 32
3 57
16 37
10 36
4 58
1 48
8 36
8 32
9 48
8 35
0 146
5 152
0 150
0 146
10 128
2 136
0 131
4 129
4 137
2 128
0 144
9 148
2 144
0 135
0 140
8 132
8 132
1 130
4 144
0 134
0 133
18 128
2 128
1 136
0 129
8 132
32 145
40 128
33 152
56 141
33 148
56 128
56 128
32 138
36 147
33 150
50 132
36 144
48 136
53 136
33 128
5 78
1 64
5 64
2 64
0 64
24 66
16 75
8 80
1 74
1 80
12 64
12 64
0 73
0 68
21 70
5 64
0 85
3 76
0 92
12 86
1 88
9 88
16 70
30 65
6 80
2 65
32 123
89 2
86 8
72 20
89 0
71 16
65 22
94 1
66 1
70 0
68 0
80 11
82 16
65 2
64 7
80 20
64 0
89 0
91 0
64 5
80 30
64 1
68 2
64 10
64 1
72 16
76 2
121 4
98 24
96 0
122 0
122 5
98 8
97 16
105 0
96 15
105 2
118 1
114 13
107 18
96 2
127 8
16 194
8 196
26 194
16 194
2 192
17 198
10 192
5 192
30 201
10 213
4 192
1 208
3 192
25 192
22 193
2 224
5 226
16 224
8 246
20 224
4 235
20 234
21 226
128 16
129 15
142 1
146 5
133 2
139 0
159 0
136 3
144 2
144 10
153 0
130 0
146 13
140 19
128 14
129 26
140 25
139 16
132 19
131 28
132 16
136 18
142 0
152 2
144 2
143 8
4 177
3 168
2 165
17 162
20 161
2 164
9 172
24 161
14 177
9 160
4 163
5 184
25 164
0 164
16 164
40 163
11 512
23 520
16 514
18 512
5 512
2 512
3 512
16 513
0 524
17 512
6 513
15 530
16 520
16 529
16 525
25 512
0 516
12 512
10 517
1 542
6 512
16 523
16 521
4 538
14 528
2 534
21 554
5 568
20 545
25 546
18 544
0 548
4 553
16 544
13 563
1 544
19 552
4 562
16 547
0 556
6 552
35 512
33 512
42 514
40 513
49 518
48 512
32 512
39 528
38 522
47 512
48 516
37 513
57 534
34 520
52 520
40 546
64 64
84 64
2 796
10 768
5 784
0 770
12 769
20 778
16 776
1 768
14 768
10 784
1 796
8 770
14 784
10 785
0 784
0 816
22 800
0 824
2 826
0 820
4 810
16 812
16 800
18 265
16 260
21 256
0 286
24 257
21 258
8 260
8 258
16 265
0 277
24 256
4 257
9 272
17 268
9 256
3 256
11 276
30 257
20 283
4 269
8 279
0 257
5 264
18 269
8 276
9 272
4 288
24 306
12 306
0 294
0 292
22 292
1 292
5 306
0 288
12 288
5 296
1 288
16 289
2 297
17 302
33 263
52 259
48 281
56 270
32 270
32 260
54 264
32 274
50 269
50 279
34 264
57 258
36 260
52 256
51 265
35 292
41 6
48 1
32 0
36 2
48 8
50 9
40 0
49 0
51 0
32 2
40 20
36 8
32 2
33 12
37 2
34 16
34 25
48 1
39 10
44 2
39 24
32 5
56 6
39 8
34 4
33 16
129 256
145 263
128 271
148 256
144 263
140 256
150 257
128 262
136 256
150 265
132 266
131 256
148 267
129 272
136 256
136 290
150 296
132 297
152 289
149 296
129 304
132 303
128 305
168 256
160 256
178 268
166 272
166 265
169 258
170 285
176 268
46 896
60 897
37 912
51 904
39 920
37 34
32 45
13 336
0 336
16 332
24 320
6 320
24 320
0 324
0 346
0 339
16 322
2 337
8 336
4 320
12 339
0 323
0 848
8 850
0 845
1 836
0 841
4 848
3 840
18 844
51 72
34 72
42 64
36 82
34 77
48 65
40 80
33 73
56 70
32 64
48 65
43 80
32 90
32 65
33 82
149 394
3 388
5 392
16 388
13 386
16 392
0 411
4 384
2 392
10 384
0 410
2 388
0 395
16 398
21 384
0 386
4 418
22 417
11 424
9 417
4 440
16 422
0 423
20 417
76 770
84 779
66 776
68 779
92 769
64 768
64 776
65 774
14 112
0 113
4 96
18 120
0 100
26 100
4 96
4 99
0 96
29 96
4 121
0 101
12 118
3 108
25 98
138 80
132 72
134 65
128 65
128 82
128 80
144 80
128 72
136 87
148 67
128 91
146 88
136 85
132 88
131 72
212 9
208 7
192 24
208 9
192 0
196 0
196 8
192 12
208 2
199 16
212 8
196 25
216 3
198 25
192 24
65 404
65 384
70 385
64 399
64 401
72 384
67 400
72 384
196 65
24 960
13 978
1 986
16 961
8 964
65 259
66 269
85 258
72 262
68 273
65 256
84 280
67 280
66 272
72 275
84 256
64 268
64 256
64 258
68 282
75 304
64 300
64 315
76 288
80 297
70 288
88 288
65 316
96 259
98 280
96 261
108 272
98 277
97 258
118 264
96 270
45 578
32 586
36 584
34 576
36 584
36 588
44 599
40 596
64 322
24 449
16 461
20 458
25 457
5 458
6 448
0 473
16 452
68 914
64 914
67 896
72 896
72 896
145 516
128 514
136 512
128 512
129 512
134 536
153 516
132 522
131 532
146 516
130 533
132 528
135 512
138 512
128 532
278 256
260 265
64 142
76 128
70 144
64 128
85 138
83 132
64 158
72 128
89 128
65 134
81 132
68 153
66 128
78 129
80 128
64 524
94 520
81 524
70 538
74 513
71 512
80 521
64 514
74 517
71 528
72 516
68 513
64 512
89 514
64 512
128 577
130 606
154 581
130 588
132 594
136 592
152 578
156 577
74 193
148 328
133 336
130 337
144 323
128 337
128 349
136 320
145 328
204 259
192 256
194 256
209 258
201 264
192 266
192 256
218 262
196 305
192 311
194 296
216 304
200 295
134 48
136 53
142 32
130 49
145 32
138 36
129 58
137 60
128 41
148 40
129 34
134 49
128 40
137 54
129 56
170 4
176 12
166 16
168 20
169 0
176 3
160 4
172 1
188 0
180 9
161 16
171 16
185 0
160 2
170 4
182 35
200 535
213 512
208 516
207 512
208 522
192 523
204 528
218 512
65 584
133 640
20 876
2 864
6 864
2 894
0 876
72 49
84 57
65 60
80 32
67 45
64 49
80 40
65 40
84 42
86 32
83 32
64 60
84 34
68 45
77 48
129 106
131 112
131 112
132 109
132 98
138 112
131 96
133 112
34 859
32 832
49 842
37 848
48 844
128 779
128 792
141 784
144 778
130 768
148 771
135 784
145 768
177 66
170 64
172 64
162 92
184 71
177 66
162 84
161 72
296 645
297 646
295 648
290 665
308 643
275 322
786 129
768 140
769 132
794 128
793 130
773 136
775 144
777 146
40 784
50 775
33 790
52 771
40 784
33 778
49 772
50 772
122 32
40 410
56 384
36 409
51 388
34 392
40 407
34 385
34 392
258 720
268 712
256 713
256 716
274 713
274 521
279 512
282 518
264 517
260 530
282 512
276 538
273 512
267 520
256 514
271 520
258 514
267 512
261 530
259 520
772 195
777 216
784 193
781 194
774 202
833 128
848 137
842 132
844 145
848 130
100 778
97 768
104 784
96 780
97 768
320 667
322 657
320 668
344 640
322 656
256 770
256 580
258 584
268 578
258 601
258 576
268 579
256 580
256 587
267 620
256 609
266 613
259 616
268 609
64 819
64 804
67 804
64 806
82 809
96 404
115 384
98 385
96 410
100 386
33 194
34 200
52 194
32 220
50 192
42 210
51 192
48 201
1 940
0 929
25 932
16 930
7 940
88 422
64 416
84 425
72 420
76 420
0 611
0 609
20 608
10 609
16 611
9 624
0 617
4 630
668 1
641 4
652 0
641 0
651 4
658 9
652 9
641 0
652 0
640 17
644 18
643 0
640 4
658 1
645 2
0 898
6 920
16 906
24 896
1 897
7 912
5 922
0 902
97 144
113 148
113 136
113 132
103 128
101 130
96 158
115 144
792 257
72 949
80 944
102 512
108 514
101 538
114 512
124 513
96 522
112 527
96 520
12 577
2 596
0 592
4 584
7 576
1 592
0 602
17 580
14 592
1 603
9 596
26 578
1 576
8 592
15 580
241 12
249 0
235 6
241 0
224 17
251 4
253 2
240 8
106 896
98 917
64 556
64 563
64 560
64 550
86 544
78 561
76 549
72 546
513 128
528 131
528 135
515 148
539 132
517 128
520 145
519 144
529 131
534 128
521 144
513 134
512 136
528 133
520 133
77 162
67 172
80 160
72 176
72 160
91 160
80 165
76 176
514 0
520 18
524 2
528 1
538 0
512 18
514 13
514 0
520 3
540 18
528 1
524 17
518 29
516 0
516 2
512 9
514 20
514 1
520 0
520 4
521 18
512 1
516 10
520 16
516 8
512 0
2 364
0 381
12 355
6 353
19 360
7 376
1 358
2 352
197 32
193 40
192 33
194 53
208 36
192 61
204 34
195 53
1 490
16 482
8 489
2 500
1 490
33 328
33 340
44 320
57 320
52 322
49 322
34 328
34 338
912 3
921 0
916 8
900 4
912 4
921 4
904 1
896 11
59 452
60 457
37 450
42 468
49 460
773 19
768 25
770 1
772 1
768 3
775 10
777 10
784 2
769 1
770 4
770 21
768 9
772 24
780 24
768 18
116 64
288 256
900 74
898 84
901 82
908 67
901 72
896 124
897 96
266 21
287 0
257 10
257 14
256 21
258 28
274 1
256 17
258 21
260 0
272 1
280 5
274 4
280 4
264 0
257 8
260 3
259 4
261 16
280 10
265 16
268 23
256 1
257 6
285 0
260 11
64 104
278 297
206 784
201 772
193 792
192 797
194 788
264 72
268 81
256 69
264 78
273 73
256 64
272 64
261 64
258 89
256 69
256 78
256 80
256 65
273 68
264 89
164 528
184 513
176 528
162 513
168 514
176 521
160 536
180 512
640 284
652 258
649 260
650 260
651 280
640 259
649 265
660 264
513 392
514 403
512 408
512 384
523 400
512 401
526 384
512 390
512 65
513 70
532 67
513 74
516 66
512 72
514 64
518 89
528 65
512 70
520 64
512 72
514 80
520 72
513 74
128 359
141 368
128 357
128 355
129 372
324 256
143 848
140 833
136 834
129 834
128 849
144 545
129 555
155 544
134 546
128 555
130 568
150 545
137 550
642 81
641 76
650 64
645 82
658 69
652 81
642 66
640 66
339 8
322 9
322 2
324 0
320 4
331 16
329 0
324 10
325 2
336 0
320 0
338 5
320 3
320 16
321 20
160 336
183 320
165 344
162 348
164 338
640 346
640 334
642 320
668 330
664 320
524 456
514 479
532 448
520 450
532 466
514 200
517 216
512 197
520 211
512 192
528 202
514 192
517 202
514 233
512 224
515 224
520 244
512 240
576 25
584 3
593 0
578 21
585 16
594 4
604 0
592 24
594 12
594 9
578 8
577 0
579 16
585 6
586 16
600 386
585 409
580 414
578 408
576 385
136 614
146 608
128 624
132 632
133 634
165 576
165 579
161 592
176 578
177 606
842 19
856 16
832 16
836 17
837 28
836 26
832 24
834 26
192 544
216 556
192 551
201 554
194 560
725 258
721 266
716 257
715 272
722 257
960 0
960 2
960 20
965 0
969 22
784 169
769 163
786 165
771 176
776 160
224 519
234 528
229 515
237 530
224 521
595 130
576 146
576 142
592 133
588 130
580 130
582 152
596 146
768 64
785 72
776 76
771 65
797 66
769 88
769 72
768 88
257 644
264 656
264 644
256 650
276 641
272 641
256 646
283 640
771 224
790 233
32 988
42 977
818 200
800 212
6 996
2 1001
580 68
385 286
388 16
415 0
387 12
384 24
389 30
391 16
385 20
385 14
384 1
388 18
392 21
400 11
398 0
386 24
396 3
257 672
263 676
272 687
272 697
261 696
824 130
805 138
800 136
800 130
804 134
682 5
675 0
675 24
677 0
688 6
672 24
680 0
682 1
132 146
153 132
229 256
240 269
224 256
224 269
227 272
657 32
641 40
652 34
647 48
643 44
664 49
645 32
656 44
388 531
391 512
388 513
392 514
388 520
394 515
386 521
384 533
144 195
8 656
2 656
24 643
28 651
3 656
3 644
14 641
17 640
16 647
24 641
10 640
4 641
4 648
5 666
24 640
0 693
16 675
18 676
1 680
16 673
0 690
9 674
0 681
196 128
78 640
64 644
81 646
65 648
65 646
65 640
66 648
72 642
256 139
256 144
257 132
264 129
256 148
260 128
274 136
268 129
277 128
256 132
256 155
275 152
274 136
273 140
260 129
256 203
270 209
256 209
273 212
281 192
256 193
262 200
257 201
288 81
289 64
289 76
304 64
305 72
289 92
293 90
290 81
575 128
556 145
546 129
544 140
560 132
553 134
552 128
544 132
20 704
23 712
0 708
0 712
17 712
12 704
21 716
0 725
260 104
256 114
274 124
256 106
278 96
268 112
260 122
266 96
774 513
512 164
512 164
524 178
521 166
520 160
518 168
512 165
522 168
146 805
144 814
153 806
146 809
132 800
288 576
292 601
298 587
294 577
316 577
336 133
336 137
329 144
320 140
337 140
344 128
320 128
326 128
356 642
354 644
324 35
334 32
344 32
336 39
344 35
336 34
322 48
326 34
356 9
364 3
368 2
369 1
360 20
370 0
362 20
352 2
640 144
456 15
449 2
464 1
448 12
450 25
464 1
453 16
456 18
348 676
322 689
290 1
296 20
300 18
288 24
296 0
308 9
309 8
288 0
312 2
292 16
289 10
288 6
298 23
310 0
288 17
800 13
824 6
819 9
804 16
811 0
820 9
813 18
828 1
549 8
552 20
561 0
552 2
561 5
544 4
544 30
569 0
567 24
544 2
544 10
549 24
552 2
568 0
544 24
256 42
286 32
281 32
266 37
260 33
257 49
257 32
257 36
261 59
274 37
256 32
260 40
260 56
266 32
263 48
768 42
770 48
785 32
778 48
794 52
788 34
780 34
769 32
296 50
160 771
165 768
160 771
166 768
164 768
554 33
577 32
580 48
584 34
595 44
584 34
577 48
576 32
588 32
516 113
512 120
533 96
518 100
514 105
528 97
523 100
513 96
516 58
522 32
514 37
512 54
538 44
516 41
526 32
515 36
516 43
512 50
528 33
528 34
520 49
512 53
513 56
616 17
624 11
618 8
609 16
626 16
613 8
625 8
608 7
517 656
192 807
216 801
452 514
448 542
448 512
470 512
448 536
545 86
565 64
546 76
546 64
553 64
549 80
544 74
545 86
857 166
834 180
225 776
236 768
892 129
880 128
996 29
1002 2
896 55
896 37
896 39
912 35
919 32
969 32
968 48
680 67
672 91
692 64
701 66
685 64
932 9
944 3
944 13
935 16
933 16
644 112
649 102
651 124
648 115
641 106
808 73
824 68
801 68
809 66
805 82
398 129
836 40
833 46
834 37
836 51
837 58
777 101
768 97
777 120
768 96
768 109
690 256
673 256
673 280
690 265
696 261
273 394
544 199
544 212
560 200
544 194
546 192
928 65
928 89
640 290
642 288
670 289
640 318
655 304
152 160
256 745
258 754
164 130
306 713
305 704
512 488
520 482
546 389
560 405
551 384
565 386
544 386
714 0
723 4
710 0
713 4
708 2
708 1
704 21
724 2
544 452
548 459
514 425
528 432
524 416
536 434
512 447
320 65
643 353
648 356
744 262
737 268
700 320
676 328
866 0
874 2
864 8
875 6
880 2
58 640
32 644
40 656
33 650
49 640
56 660
34 640
52 640
403 70
414 64
385 84
392 66
394 76
401 70
384 68
384 90
160 833
160 832
720 299
719 288
289 144
305 132
300 129
304 133
288 128
294 138
304 129
292 136
640 524
144 868
136 886
258 161
256 181
281 160
256 162
256 163
259 161
269 176
263 170
580 434
576 420
624 398
617 400
513 793
576 186
576 170
594 188
588 163
590 160
608 142
610 132
633 154
616 132
626 137
54 709
32 704
33 704
40 723
32 715
80 676
64 682
64 678
64 686
65 680
529 284
522 257
519 256
512 258
540 256
528 262
513 260
534 256
520 256
513 274
516 272
528 256
512 270
522 261
536 258
9 752
20 739
1 752
16 752
4 760
96 651
96 648
118 649
104 642
96 650
403 32
406 33
392 35
389 34
389 32
400 40
400 36
384 49
416 2
426 0
418 2
437 2
418 0
416 8
425 16
444 0
321 516
320 526
348 512
336 520
336 515
330 528
328 514
320 513
516 321
516 329
524 321
540 322
524 339
520 320
513 336
528 330
592 266
600 277
585 262
576 277
580 258
582 256
596 265
582 264
390 576
384 580
392 576
392 594
403 580
448 548
473 546
386 554
399 548
386 544
392 544
392 554
482 520
482 512
418 515
434 512
429 514
424 529
416 542
470 32
455 52
456 44
460 49
448 43
256 229
273 236
257 224
256 240
256 252
497 6
497 12
497 16
482 27
490 0
512 542
513 522
536 580
304 202
300 192
310 200
315 197
288 192
392 112
400 105
388 105
384 103
385 96
424 87
422 72
420 90
417 86
433 68
371 142
352 150
353 140
352 133
376 128
548 259
544 281
544 257
552 277
560 261
552 258
545 284
544 262
512 290
537 288
518 313
512 317
512 288
516 304
520 289
514 289
320 169
320 176
322 172
325 162
338 185
556 320
553 338
544 331
560 323
545 340
289 532
305 540
295 516
305 514
300 512
295 512
288 524
315 520
281 544
272 548
273 553
259 570
258 544
286 544
280 562
264 564
513 362
528 359
529 360
514 357
516 361
341 552
328 561
320 561
340 552
330 561
356 524
377 518
352 513
369 526
354 540
580 298
586 288
584 304
592 288
583 316
613 256
612 258
636 258
620 257
617 258
748 0
744 0
736 8
754 5
737 0
712 53
707 36
707 56
716 33
704 56
512 553
548 514
576 517
422 588
425 596
408 615
388 609
