# Synthetic Kronecker Graph Using RMAT
# K : 8, Sample: 2
# Number of edges: 497
# Graph generation time (s): 0.03
34 48
42 2
13 48
0 6
44 0
16 0
0 41
11 52
18 35
20 41
0 8
40 14
0 6
28 42
40 20
48 5
38 40
8 5
42 16
20 8
42 4
34 0
0 47
5 8
37 8
24 2
10 5
38 8
0 40
33 14
18 0
8 32
18 9
27 0
4 3
0 7
22 32
2 16
48 4
3 1
17 0
5 28
37 18
32 20
10 12
39 24
4 33
13 0
34 5
33 20
49 4
33 4
1 26
20 27
33 10
37 1
32 0
26 48
4 3
35 32
50 13
14 0
2 1
2 32
5 10
17 34
12 48
10 32
10 48
16 8
3 20
19 40
1 32
0 28
50 32
11 36
0 55
0 14
40 7
0 17
33 25
4 16
2 0
32 5
4 24
0 9
37 12
3 32
41 4
4 32
17 14
0 29
21 32
1 16
16 7
25 2
9 20
62 17
3 40
11 0
4 2
8 0
8 50
80 50
81 42
71 16
100 2
97 4
64 4
65 0
64 3
74 32
88 38
65 0
67 44
70 17
104 0
114 8
115 0
64 16
113 2
66 5
118 0
64 31
80 35
97 4
68 18
112 1
100 8
70 33
76 0
64 45
114 7
104 0
81 32
70 0
70 24
67 16
118 0
112 8
82 8
70 18
65 0
68 24
80 12
98 12
122 1
65 48
97 40
72 0
64 8
85 18
96 31
65 24
76 16
67 40
116 8
116 9
84 0
118 0
64 3
80 37
71 12
61 67
27 96
9 68
9 69
8 66
8 82
33 66
2 66
21 64
0 76
2 80
38 88
48 72
10 112
2 113
0 115
0 64
48 76
32 72
21 64
41 80
37 64
12 112
35 65
12 81
21 66
34 68
24 96
32 65
8 80
32 72
6 80
16 104
16 97
2 65
33 70
13 98
0 66
3 72
3 64
48 72
29 64
4 75
0 64
1 74
18 64
0 100
32 84
8 69
5 104
57 66
20 72
32 69
25 66
35 104
8 67
0 76
40 80
6 88
5 66
11 164
8 133
4 146
18 161
5 170
1 172
32 130
3 188
9 128
5 160
24 131
0 137
60 142
4 130
24 128
18 164
11 132
0 144
1 128
20 129
26 129
27 162
20 168
40 128
8 177
17 140
25 134
8 130
45 144
0 187
0 144
0 132
12 144
1 184
0 178
6 144
0 136
0 128
4 160
10 177
24 133
60 129
1 172
34 128
4 146
33 155
8 178
1 128
4 130
36 129
0 178
20 131
21 160
2 153
8 133
40 160
16 128
28 137
1 169
40 130
81 208
66 196
64 66
81 74
64 73
76 99
70 76
120 166
69 146
104 132
68 161
73 182
72 149
68 168
65 190
76 146
85 176
81 162
94 145
100 128
86 140
96 147
87 138
80 166
65 184
68 184
80 164
105 128
100 131
109 130
71 144
72 151
73 146
85 160
68 155
72 130
97 130
72 128
96 141
113 128
90 161
0 193
10 212
16 199
2 200
18 220
0 237
16 194
39 193
38 203
16 234
42 216
20 201
26 192
1 192
12 209
33 214
8 196
52 195
12 217
32 193
5 210
21 194
34 218
26 225
1 208
8 213
2 192
3 208
12 208
1 235
6 193
17 212
0 202
2 241
160 26
129 16
136 6
165 0
136 4
130 16
128 21
129 32
130 0
176 3
129 42
136 33
163 16
133 2
161 2
150 32
177 14
160 20
134 24
128 36
133 50
138 23
136 36
164 2
164 0
149 0
152 1
160 6
186 2
138 20
176 6
162 24
147 0
174 0
129 22
128 16
129 8
177 0
132 57
150 1
161 21
133 48
128 0
146 9
164 25
136 48
128 7
164 0
133 24
130 32
130 21
128 40
132 25
164 9
130 16
145 44
146 12
128 12
130 57
136 19
152 72
138 84
144 69
132 74
181 74
191 68
132 65
178 68
176 69
165 80
128 84
128 72
138 68
182 67
144 71
184 70
132 81
148 72
130 73
143 112
168 80
176 70
145 102
138 65
136 86
136 96
128 104
136 72
174 80
131 104
161 66
130 105
132 96
128 120
212 8
200 1
210 17
238 1
240 3
229 3
232 2
216 6
193 8
228 2
217 34
194 40
225 4
228 1
226 1
196 8
193 16
200 34
192 19
196 16
194 4
210 1
240 8
252 0
193 32
224 4
242 0
192 24
210 1
201 16
232 17
212 9
192 31
214 8
132 136
129 130
130 140
157 130
134 145
146 233
132 201
192 167
224 140
202 68
200 112
