# Synthetic Kronecker Graph Using RMAT
# K : 8, Sample: 2
# Number of edges: 341
# Graph generation time (s): 0.04
61 4
24 1
44 17
44 7
47 4
50 33
40 4
0 56
38 1
61 8
35 52
30 5
17 48
24 38
6 1
50 12
1 60
12 19
1 41
7 32
24 17
44 2
40 19
53 45
18 10
16 17
5 16
23 8
4 10
48 4
24 1
24 7
9 38
58 6
19 34
30 1
21 0
36 17
6 0
40 5
3 0
22 4
4 2
24 5
23 88
54 64
40 82
25 89
20 65
56 76
16 96
1 110
25 70
48 65
55 64
43 80
3 106
25 118
59 64
52 78
38 114
40 122
30 123
32 80
16 72
16 125
44 75
0 81
50 97
42 65
1 108
58 88
27 100
98 88
73 114
92 68
102 93
105 85
68 64
75 96
116 73
98 65
126 71
109 82
16 175
53 128
15 160
5 131
49 128
23 184
0 129
26 131
60 129
29 178
18 146
52 136
13 152
36 147
8 128
7 129
20 176
38 132
1 176
57 152
53 138
1 177
18 177
23 128
25 160
8 162
8 143
47 130
34 145
98 160
108 146
107 184
84 128
100 136
67 149
90 130
124 131
120 129
64 161
118 137
91 134
69 169
80 140
117 138
112 133
67 182
64 137
86 132
65 148
84 131
83 140
64 170
98 138
121 155
80 144
96 20
82 5
104 6
100 34
68 51
70 33
68 16
86 0
73 25
124 1
84 2
74 49
67 0
82 7
112 8
114 33
87 32
113 2
105 32
88 0
118 1
82 41
80 1
66 18
89 49
81 8
96 28
71 17
77 52
87 0
69 22
121 0
74 19
116 2
95 44
84 4
81 7
85 34
109 61
48 201
13 228
37 192
46 204
17 192
24 230
45 236
34 192
26 213
19 232
17 218
8 192
56 214
35 193
18 232
28 226
31 192
29 230
54 201
144 5
170 24
134 18
154 37
137 2
131 44
160 20
136 11
135 12
188 2
140 48
144 44
174 17
176 31
155 16
160 32
130 33
186 32
133 48
185 7
148 33
130 60
146 5
165 16
130 6
166 16
148 20
138 33
146 40
168 7
180 51
156 34
175 4
154 36
148 3
154 25
136 49
137 34
144 32
214 75
202 87
241 81
232 96
242 90
211 100
229 104
248 105
250 65
71 218
92 193
98 204
78 240
75 192
85 240
69 200
169 70
161 64
164 81
132 72
131 96
184 64
136 66
131 112
155 68
188 112
185 64
186 82
149 65
137 117
144 114
141 82
130 93
156 68
167 81
142 80
168 79
176 101
168 65
172 122
128 64
129 70
195 36
210 4
208 32
193 8
203 34
230 0
198 47
208 50
193 44
245 1
194 9
196 24
255 12
216 38
207 1
213 12
192 27
201 32
248 28
242 0
240 0
226 4
219 34
250 35
226 0
192 32
233 1
234 41
208 22
209 33
208 41
245 22
236 2
236 19
132 128
144 160
165 128
128 169
164 172
179 173
130 130
177 146
188 140
154 132
128 186
170 213
178 197
133 200
149 224
146 241
173 193
138 196
234 133
241 135
224 134
217 134
202 158
235 136
203 177
223 176
201 160
192 204
208 196
