# Synthetic Kronecker Graph Using RMAT
# K : 8, Sample: 2# Number of edges: 219
# Graph generation time (s): 1.24
0 132
2 129
3 128
0 130
0 130
2 192
3 192
1 144
7 144
15 148
0 209
18 128
16 132
16 138
24 132
17 199
0 0
0 0
4 6
4 6
2 0
2 0
0 6
2 0
1 0
18 1
17 0
16 3
16 6
17 13
20 8
24 7
28 1
19 16
0 66
5 66
1 64
2 65
6 67
0 74
0 76
12 64
11 66
32 128
36 129
42 132
2 32
1 36
0 36
2 33
2 33
0 40
4 40
8 34
8 37
4 96
2 96
6 105
15 100
5 86
0 84
0 93
8 84
2 224
16 68
16 64
20 73
28 66
34 192
32 144
132 130
1 114
48 135
8 130
8 131
34 33
34 64
39 64
32 74
40 71
1 142
2 136
0 48
4 51
1 56
8 53
21 97
14 196
6 202
68 38
70 33
64 41
77 32
70 51
22 37
23 32
16 40
27 36
192 0
194 0
198 12
200 2
32 84
194 18
68 4
65 0
70 0
64 2
12 10
64 21
64 17
69 26
76 16
0 12
4 10
0 8
1 14
1 10
212 0
49 71
12 5
10 2
9 4
12 0
3 165
0 160
4 169
8 160
6 176
64 134
66 128
64 136
77 131
84 0
81 5
80 12
91 4
20 163
65 150
192 34
33 139
224 3
64 164
0 157
68 68
166 1
160 5
163 12
173 2
80 32
96 4
97 1
102 8
104 1
98 18
80 129
0 18
2 19
2 16
0 20
0 17
13 16
8 21
118 6
129 34
134 33
130 48
162 16
161 64
96 133
129 64
134 65
136 66
148 32
133 82
181 3
128 6
134 2
128 2
132 4
32 1
33 0
34 0
32 0
32 10
36 9
128 18
128 16
32 16
37 17
144 64
48 6
49 4
66 12
64 10
77 2
78 2
148 3
144 0
128 98
0 25
2 24
131 44
136 36
45 2
40 0
132 73
132 10
128 9
136 5
138 0
140 16
128 28
40 16
34 28
54 9
58 0
144 11
152 6
