# Synthetic Kronecker Graph Using RMAT
# K : 8, Sample: 2
# Number of edges: 372
# Graph generation time (s): 0.05
6 32
16 0
40 27
32 0
2 4
1 8
41 48
24 29
18 4
32 36
4 49
7 18
24 42
32 4
17 32
6 20
32 0
40 48
13 51
8 17
32 5
34 51
4 2
34 62
41 37
5 18
21 34
35 2
8 37
0 0
12 2
4 1
0 1
36 22
16 7
17 4
1 0
16 16
7 32
61 9
10 16
8 16
17 34
32 4
40 30
4 51
34 8
6 16
8 16
1 4
32 8
25 8
2 8
4 38
7 24
48 24
4 2
0 10
1 8
34 3
32 1
3 34
47 4
37 48
17 0
4 17
4 0
32 26
9 16
54 1
20 0
0 9
0 16
13 4
17 49
2 32
17 24
0 17
3 1
0 56
17 32
2 33
34 32
32 41
0 0
0 16
10 96
16 68
2 72
1 64
8 65
0 70
2 68
9 97
50 72
41 108
4 69
6 113
8 99
48 72
8 80
36 69
16 96
8 105
0 64
48 67
32 100
2 65
6 80
22 66
2 64
0 106
0 81
2 112
10 66
20 66
16 91
8 99
16 105
4 96
47 84
8 64
32 96
8 92
24 100
4 81
81 7
100 32
68 0
72 0
64 24
112 32
68 1
98 12
65 6
96 16
83 8
89 2
64 19
98 11
83 8
96 0
65 2
102 60
69 18
80 16
84 1
68 0
84 0
66 2
76 11
80 38
102 41
68 34
120 7
73 0
96 1
74 0
96 1
112 13
114 10
72 3
73 9
100 48
125 40
112 16
90 0
73 64
110 65
68 83
65 65
88 67
67 97
69 98
98 84
109 126
67 126
65 102
112 74
23 136
59 144
39 153
4 128
22 164
18 128
51 174
0 161
51 140
19 184
2 128
23 136
50 129
8 148
36 190
20 133
32 140
4 136
18 132
18 163
8 146
21 128
2 148
32 130
16 136
33 152
2 184
41 140
0 142
24 181
10 134
4 144
0 132
12 184
4 128
1 142
8 129
1 160
40 128
0 132
4 218
0 208
2 252
0 244
40 208
40 209
30 192
32 194
51 201
32 200
34 201
8 208
5 244
0 193
37 208
44 192
8 244
17 250
36 194
66 224
104 217
96 202
68 203
68 193
161 128
131 130
185 144
152 144
160 150
128 163
136 136
152 132
130 154
128 129
156 136
130 129
225 128
226 137
224 128
197 176
196 145
251 128
128 0
129 43
140 19
129 36
128 4
152 55
148 8
132 32
128 20
144 29
130 9
138 51
176 1
146 37
176 46
132 1
170 16
168 32
181 4
137 4
168 11
128 49
128 48
176 36
154 32
163 0
181 38
154 10
128 1
130 53
144 52
160 2
168 10
138 4
162 2
144 2
130 28
184 22
128 22
148 9
160 2
171 84
128 84
132 81
128 112
134 76
181 72
133 76
128 84
135 64
164 64
131 115
129 82
162 71
160 101
136 114
128 105
136 98
128 97
168 66
207 64
217 96
192 105
216 100
201 76
194 65
130 232
146 192
168 201
146 208
148 200
65 129
64 136
118 144
67 138
68 168
80 163
92 150
112 136
71 168
84 138
96 132
69 176
74 146
65 177
92 129
72 161
112 140
105 128
65 128
228 34
202 36
202 1
225 0
205 18
194 34
192 6
212 10
192 38
211 0
193 22
248 0
254 1
224 24
198 44
192 17
200 18
233 24
196 10
197 1
195 224
