# Synthetic Kronecker Graph Using RMAT
# K : 8, Sample: 2# Number of edges: 386
# Graph generation time (s): 0.50
0 132
0 134
3 132
2 136
0 138
11 132
10 128
65 132
64 128
68 138
64 136
74 132
72 132
64 144
64 148
74 148
0 144
0 146
8 148
10 144
6 161
2 160
4 169
1 170
10 160
10 161
1 68
6 64
1 64
22 129
20 128
16 138
22 137
25 128
24 133
0 85
2 80
0 88
4 88
10 80
11 80
0 102
6 96
5 178
6 177
9 180
20 163
16 163
17 168
24 162
4 112
6 113
3 126
10 112
16 102
16 102
19 108
25 96
84 131
86 129
17 70
16 69
65 162
66 160
78 160
0 156
2 157
6 1
0 2
3 0
2 0
1 186
2 21
0 17
2 16
97 132
100 131
103 136
71 156
14 64
12 64
32 128
32 129
2 73
2 77
16 6
20 1
16 1
1 106
4 106
39 64
37 64
34 145
35 148
14 97
12 97
33 84
36 87
51 128
50 129
65 183
0 32
0 35
0 32
12 33
10 36
100 146
6 48
2 53
1 58
4 58
84 163
50 68
55 64
20 32
21 32
29 34
28 34
112 134
64 33
68 34
88 132
64 49
64 51
80 37
81 32
64 173
18 74
16 72
26 65
25 68
100 3
99 4
132 69
130 64
103 16
97 18
36 0
32 4
34 4
128 81
129 87
140 80
16 14
16 10
68 186
162 64
160 69
114 7
112 2
26 4
24 6
76 178
38 16
34 20
38 152
49 4
50 1
44 147
83 136
145 66
148 67
5 8
0 12
0 8
10 5
8 4
8 0
41 64
41 66
0 25
4 25
6 197
1 198
70 3
66 5
69 4
15 16
11 16
34 77
37 73
176 65
16 40
16 44
80 172
9 48
10 52
160 80
131 101
128 98
84 0
80 2
91 160
38 193
33 194
129 114
104 128
39 141
32 141
45 128
43 130
149 96
44 81
38 208
100 154
104 147
32 89
6 208
3 208
22 197
19 197
68 42
65 41
52 194
52 200
78 36
76 35
50 72
56 65
88 32
4 224
0 229
100 26
104 5
104 0
6 240
85 44
12 193
9 192
16 229
49 138
56 132
0 202
2 202
131 0
130 0
130 0
109 16
96 8
99 8
3 46
0 44
131 20
128 17
66 56
116 137
68 16
64 20
73 54
123 128
146 5
146 4
155 64
144 75
55 12
55 9
161 78
62 1
56 1
165 90
175 64
112 10
170 80
36 27
33 28
120 2
40 23
44 17
130 108
33 220
41 213
182 72
187 64
76 3
72 7
137 71
136 66
33 12
33 12
69 10
64 8
128 74
132 72
41 6
40 3
162 6
162 0
136 97
132 91
161 20
160 17
84 8
80 8
132 32
129 34
178 0
177 2
95 0
88 6
133 50
128 53
149 34
145 34
38 201
2 216
132 9
133 8
142 0
143 6
158 98
56 195
144 104
134 121
230 0
226 0
140 112
11 214
43 192
9 224
17 232
224 19
245 0
27 196
20 202
4 234
25 227
199 2
194 0
199 16
195 16
136 20
138 20
128 26
128 31
208 1
215 0
64 26
69 24
76 19
74 21
164 11
166 9
173 0
169 1
140 48
128 58
150 9
145 12
136 37
136 32
129 46
129 40
10 241
7 250
156 35
152 5
152 5
146 41
194 32
193 35
162 25
192 55
210 37
187 5
176 14
229 10
173 17
232 17
242 8
230 24
249 4
234 2
201 1
200 4
192 12
198 8
198 40
204 36
200 54
197 56
216 32
193 30
212 40
200 17
210 8
220 0
