# Synthetic Kronecker Graph Using RMAT
# K : 8, Sample: 2# Number of edges: 553
# Graph generation time (s): 0.68
0 1
0 0
6 6
2 7
3 3
0 0
4 5
0 0
2 4
6 6
1 3
1 7
6 0
8 0
9 5
14 1
10 0
9 2
15 15
8 8
8 10
12 12
8 8
9 8
4 68
3 67
6 64
1 69
0 67
4 77
6 76
8 65
9 69
14 76
12 75
6 87
2 86
8 85
13 88
21 1
16 0
16 1
21 2
16 4
2 36
0 36
2 36
0 34
3 34
1 13
2 8
0 8
1 15
4 14
2 16
3 18
6 22
2 18
5 19
128 4
130 4
129 2
134 6
132 0
136 2
138 2
139 13
138 12
16 68
16 69
1 52
6 54
131 16
128 17
128 24
65 68
66 66
65 66
68 66
64 64
64 66
66 74
68 72
78 74
74 72
74 77
17 83
18 80
16 89
25 83
1 133
6 133
4 129
0 132
2 128
20 36
19 34
147 21
144 16
146 2
151 6
150 14
153 0
152 8
20 10
20 11
28 12
24 9
27 7
25 1
16 22
17 17
16 22
19 16
16 17
20 17
2 101
2 102
17 51
21 53
65 85
64 80
81 65
84 68
19 96
2 144
3 147
72 66
77 70
3 88
133 132
128 130
130 132
130 134
134 134
129 128
132 148
130 145
133 153
20 128
16 128
30 130
17 115
35 0
32 1
36 0
37 5
36 1
128 9
128 13
164 38
160 34
1 164
2 166
64 0
70 7
67 0
68 4
64 5
139 20
0 114
14 60
137 26
5 61
14 35
8 38
25 92
12 42
14 42
9 48
85 84
85 85
82 81
37 22
38 18
35 132
34 134
10 25
12 24
0 40
1 41
66 135
64 128
23 43
144 128
149 133
2 24
4 24
12 140
8 136
147 146
144 147
149 148
0 178
25 42
10 18
11 16
17 60
0 139
4 137
65 147
29 35
19 176
64 32
65 37
80 4
82 6
26 48
12 133
10 130
81 76
98 18
25 57
152 28
82 134
49 17
55 21
65 49
135 71
128 65
90 66
97 33
100 34
153 17
36 36
32 36
36 36
36 36
33 34
33 37
97 7
97 4
102 134
34 198
68 17
64 20
83 147
128 81
24 24
31 28
24 24
130 161
129 160
80 16
84 18
47 6
40 1
25 19
24 17
129 176
33 53
33 48
160 48
36 13
39 13
21 29
23 24
96 48
69 8
70 12
72 86
100 164
145 64
40 10
46 13
177 39
130 143
131 136
135 32
128 32
135 43
76 4
74 2
64 92
50 34
50 34
54 46
142 130
143 129
74 10
75 12
148 160
72 89
86 39
53 52
50 51
51 54
8 170
10 157
137 140
140 142
136 139
95 79
170 32
178 49
11 146
9 161
160 40
4 158
4 170
71 98
64 100
116 37
38 24
16 76
145 25
144 80
41 18
26 76
139 151
26 67
81 48
39 148
133 48
73 136
20 139
76 132
68 44
29 141
14 106
33 136
66 139
72 32
8 102
40 128
86 91
73 45
148 156
173 47
0 104
42 140
159 153
129 96
38 228
153 129
164 68
150 138
41 25
157 140
76 23
198 131
192 128
150 182
72 28
137 158
136 64
68 24
143 77
132 192
132 193
105 41
82 103
107 5
130 74
163 194
92 82
99 43
34 162
35 163
196 148
105 8
90 88
96 10
157 145
92 1
80 115
56 29
81 9
3 224
52 24
91 10
37 61
56 16
208 129
46 52
66 224
45 37
42 32
42 56
38 180
64 194
71 196
35 40
35 43
50 2
50 2
17 163
140 45
0 194
2 192
42 40
41 46
44 44
128 168
141 35
18 146
17 144
113 3
136 164
104 39
62 32
96 97
100 100
98 98
0 210
161 163
160 160
161 160
133 209
212 144
58 42
94 18
87 25
70 118
48 160
17 195
162 133
165 133
118 100
54 176
162 228
98 118
38 64
38 70
164 180
128 224
196 5
198 3
65 105
165 149
113 49
140 174
224 132
32 86
112 17
98 227
197 17
51 57
215 4
68 161
224 163
93 27
57 50
53 151
70 210
53 133
180 164
178 148
72 106
73 97
115 64
163 97
80 192
225 1
176 182
144 34
81 214
194 163
32 97
36 96
141 204
50 64
137 195
56 61
103 199
198 84
116 84
49 82
102 65
97 69
78 196
203 129
66 200
193 99
161 0
162 1
210 17
35 117
210 67
73 201
51 10
163 17
25 152
145 213
114 118
176 135
133 206
0 201
21 155
183 4
25 145
12 203
33 77
225 32
211 83
9 193
45 72
180 20
198 143
43 67
200 137
20 210
146 52
226 102
33 173
174 161
225 193
45 165
149 196
194 66
194 70
61 5
40 169
59 14
100 84
198 35
52 101
162 169
170 175
198 195
196 196
197 192
192 206
193 8
195 231
104 106
203 13
196 212
102 111
204 0
51 117
168 136
161 142
40 96
170 134
107 101
228 229
172 5
170 15
161 12
210 194
214 214
36 104
106 78
46 110
107 67
99 76
205 77
198 78
200 64
205 197
225 66
200 204
