# Synthetic Kronecker Graph Using RMAT
# K : 8, Sample: 2
# Number of edges: 411
# Graph generation time (s): 0.03
10 8
14 10
23 21
46 6
26 26
24 52
33 49
2 22
2 35
10 2
48 32
37 1
0 15
25 13
18 18
50 48
26 12
36 32
1 3
61 37
3 0
16 24
0 19
14 47
42 2
54 12
52 52
38 38
9 34
24 8
2 18
21 0
48 50
35 39
59 49
40 51
41 43
19 19
9 1
20 16
1 44
20 20
11 20
56 13
24 56
50 49
4 4
60 40
10 29
1 5
8 5
51 33
44 60
1 1
28 59
10 11
20 18
51 35
44 36
2 17
9 41
21 5
8 60
1 9
14 10
40 6
3 1
1 9
13 29
27 26
16 33
0 2
1 8
32 0
4 36
9 9
54 0
21 5
16 28
52 13
0 45
41 9
36 20
11 11
20 20
4 6
7 5
20 5
41 17
48 4
12 24
62 49
33 97
50 66
1 93
55 102
2 75
20 86
46 108
27 93
1 85
6 66
32 102
1 65
18 98
19 113
2 96
58 121
61 117
2 74
10 66
36 100
28 72
12 108
32 104
27 90
49 116
64 32
112 33
90 25
76 9
117 36
71 2
97 33
112 62
121 60
87 31
67 19
96 0
65 9
78 15
99 33
80 48
81 1
69 23
85 17
112 16
64 18
76 13
65 1
87 23
78 15
2 131
53 151
47 139
33 166
14 138
9 145
3 147
22 146
50 176
29 153
23 167
19 135
24 152
46 174
26 182
1 137
32 161
20 134
9 137
33 177
16 153
19 171
6 134
2 136
28 146
29 217
5 197
37 193
40 248
37 229
49 249
94 193
65 241
102 215
66 208
99 234
72 192
88 218
123 219
103 231
107 219
80 196
99 230
97 193
102 214
70 84
80 114
96 112
75 107
104 77
68 80
80 96
83 104
110 126
117 119
119 114
67 67
88 68
115 115
103 101
106 74
72 92
66 74
65 81
110 110
100 101
96 115
125 105
89 91
125 108
69 109
66 78
76 76
79 107
90 74
101 68
99 107
108 64
101 97
126 114
108 109
73 65
125 92
77 89
100 69
82 118
121 121
111 100
104 104
75 65
95 92
84 66
73 89
101 65
112 113
120 113
113 109
64 66
73 72
65 176
64 168
80 128
74 168
118 190
76 132
131 50
128 1
160 52
164 60
134 21
132 40
134 47
170 10
128 8
160 2
132 38
133 15
162 35
130 40
186 58
172 42
168 16
130 48
160 58
172 4
164 0
151 3
141 8
144 4
177 60
168 127
136 74
128 106
162 98
182 70
157 89
194 18
250 32
246 61
228 12
210 10
210 3
154 138
163 163
128 144
128 136
145 145
187 155
159 154
137 136
178 146
172 141
159 157
180 180
150 146
159 139
138 170
133 162
132 132
160 166
186 162
183 183
134 167
156 158
142 141
158 156
133 136
138 138
163 163
144 136
164 160
137 137
137 161
184 184
130 130
128 146
147 155
154 158
131 177
133 128
152 178
185 177
168 168
184 188
140 190
132 134
144 154
162 162
163 162
129 129
182 150
165 181
128 128
160 160
177 177
152 156
208 232
239 227
198 239
242 245
193 225
212 212
241 249
240 210
209 233
193 225
251 253
197 231
208 194
196 196
208 192
254 220
240 242
221 249
244 246
224 197
233 232
227 227
255 255
209 213
237 205
195 196
198 226
212 212
193 201
221 217
252 221
132 204
139 206
162 227
184 240
136 234
130 242
161 228
154 203
130 200
136 192
129 234
137 248
141 217
138 216
237 107
197 65
248 104
194 64
225 72
252 88
206 74
203 77
227 98
219 88
231 71
203 76
200 105
250 78
217 153
204 172
226 146
193 144
194 160
216 152
210 146
226 130
244 160
208 146
221 141
216 152
240 177
226 168
