# Synthetic Kronecker Graph Using RMAT
# K : 8, Sample: 2
# Number of edges: 210
# Graph generation time (s): 1.14
113 50
195 197
197 193
194 194
194 212
212 199
25 152
50 56
215 211
102 226
68 84
99 98
100 100
101 100
13 77
87 70
178 178
102 117
85 87
82 82
82 82
133 7
135 6
135 3
29 61
224 192
77 107
206 142
79 79
72 72
72 72
69 77
231 231
172 160
72 64
29 93
134 192
32 96
113 113
244 246
166 168
149 20
172 140
144 209
97 64
104 72
106 40
152 154
192 66
117 85
156 149
144 152
208 80
161 229
224 96
52 112
193 203
201 194
200 204
216 216
160 37
110 98
41 169
91 85
92 90
84 93
136 8
96 104
88 73
108 108
138 170
176 52
40 105
236 236
122 125
136 205
72 88
154 29
187 191
117 97
202 79
170 40
7 7
3 6
0 0
1 1
0 4
5 7
6 4
5 0
0 1
2 2
9 9
8 10
12 8
10 10
8 8
16 1
18 2
23 5
26 8
1 19
2 18
6 18
2 128
4 134
3 129
14 140
68 192
72 202
83 213
64 2
70 6
64 6
37 5
37 1
36 1
35 33
32 32
33 32
32 32
32 38
48 18
17 145
80 20
22 16
16 16
17 19
18 18
19 16
35 52
54 37
8 25
9 5
12 4
9 1
1 8
0 9
2 8
5 32
5 37
3 35
8 40
53 53
52 52
51 51
56 48
63 63
0 64
0 64
3 67
74 14
16 48
134 130
130 131
132 134
132 128
132 135
134 141
140 134
140 140
138 138
142 136
129 144
137 153
131 160
193 133
17 81
147 129
155 137
150 179
24 16
34 163
30 30
30 26
29 25
22 30
161 133
65 70
68 65
68 65
69 64
65 65
54 178
160 164
165 167
166 164
168 168
40 8
177 146
160 176
176 160
212 148
96 34
41 41
44 42
44 44
147 151
145 144
145 147
44 32
32 40
63 27
40 56
228 162
70 100
63 47
90 24
195 231
84 117
