# Synthetic Kronecker Graph Using RMAT
# K : 8, Sample: 10# Number of edges: 386
# Graph generation time (s): 0.50
192 1
192 4
196 11
198 12
203 0
206 0
67 132
66 128
64 136
64 138
72 134
72 128
64 149
70 147
67 152
72 146
82 129
86 131
84 136
89 128
194 16
194 21
202 16
208 1
208 5
96 131
101 134
196 25
98 144
104 144
112 131
114 140
121 134
68 160
64 165
65 178
65 188
73 178
221 0
211 12
86 162
1 227
5 226
130 64
131 64
96 156
135 80
134 84
198 33
195 32
1 241
132 1
132 2
129 6
134 9
131 10
139 4
138 4
33 194
39 192
16 224
193 52
164 1
166 1
134 16
128 16
134 24
131 28
208 39
96 138
111 129
34 211
1 130
5 128
5 128
225 1
226 0
160 19
160 16
224 20
144 67
145 64
144 1
148 0
242 0
48 192
0 165
1 162
74 160
128 101
130 97
36 132
33 134
0 177
4 177
204 48
128 112
192 57
88 163
144 96
177 6
176 2
80 168
38 145
33 150
139 20
141 17
65 174
53 130
48 132
8 241
131 32
135 32
7 248
19 164
16 161
1 34
0 35
1 35
16 232
6 145
0 146
27 224
131 48
130 54
162 13
164 10
3 196
5 194
40 195
9 130
10 128
0 214
6 208
220 33
0 6
4 2
2 0
7 0
36 201
197 46
1 136
6 136
205 33
213 42
131 104
1 232
0 23
0 16
0 20
21 130
21 132
140 96
16 196
22 197
3 52
1 54
8 224
130 76
130 76
174 1
173 0
139 64
140 64
132 92
16 33
16 33
147 32
148 32
163 68
162 69
232 1
164 82
228 8
246 9
183 64
224 26
165 26
144 73
248 4
2 68
6 64
0 66
8 64
12 67
173 16
233 18
154 65
22 1
19 4
17 2
144 8
149 10
136 83
52 201
158 1
154 0
41 132
45 130
32 136
37 142
151 104
16 65
21 65
157 96
3 82
1 82
58 197
0 156
2 153
8 149
12 146
176 8
0 101
0 102
2 168
1 174
15 166
12 161
63 128
12 176
36 219
2 46
7 40
128 126
40 208
4 112
0 112
8 39
14 32
2 200
6 201
13 194
10 197
186 4
138 48
32 152
0 8
4 10
2 9
130 57
46 144
130 40
132 43
16 201
136 34
136 39
8 7
8 5
9 3
6 56
3 60
28 193
17 102
23 96
137 112
4 186
50 141
32 69
32 68
34 4
32 0
32 0
8 49
12 50
18 137
20 136
18 169
1 26
0 28
34 22
32 17
24 134
28 130
10 16
10 16
8 208
1 216
16 40
18 41
28 35
27 32
51 6
48 4
32 81
32 84
51 69
50 65
158 33
26 166
66 32
64 34
148 40
169 82
66 49
68 48
166 88
4 91
4 90
80 39
84 34
169 70
165 72
9 84
8 85
17 10
19 8
24 1
28 5
184 68
182 73
3 77
7 72
66 1
66 0
68 1
96 1
96 6
97 16
96 19
105 16
21 74
16 73
68 16
64 16
116 1
115 0
30 64
29 64
0 110
6 105
9 102
15 96
16 106
44 0
40 2
12 112
24 100
33 8
36 13
0 122
84 1
87 0
94 7
90 1
45 80
43 20
41 16
33 25
36 26
34 72
34 74
47 64
40 70
32 93
80 43
88 34
67 56
72 54
60 67
52 76
63 0
56 4
73 2
76 0
67 12
64 10
54 9
48 14
99 24
66 40
70 45
79 32
76 33
104 6
105 6
98 8
101 8
67 24
70 28
74 17
75 16
81 14
81 8
113 12
120 4
