# Synthetic Kronecker Graph Using RMAT
# K : 8, Sample: 2# Number of edges: 356
# Graph generation time (s): 0.82
3 128
3 128
4 129
4 134
0 128
1 130
4 150
3 145
0 151
11 145
20 131
21 128
20 128
4 196
0 197
1 194
5 206
0 203
12 192
3 208
5 208
5 221
8 208
17 146
4 153
6 152
16 192
16 202
38 134
32 131
32 128
34 138
41 128
32 146
33 156
1 140
2 137
1 140
24 128
8 132
14 130
8 129
20 137
13 137
51 134
128 194
0 164
3 164
6 164
13 162
68 194
1 176
1 180
8 178
17 163
39 197
35 209
1 231
3 231
8 229
37 160
4 245
16 230
2 184
4 169
7 168
128 128
134 129
128 160
32 206
1 100
0 96
0 102
3 110
4 109
18 174
4 232
160 129
128 144
192 128
64 2
64 0
68 1
66 1
65 6
64 6
64 8
70 10
64 8
72 0
74 0
72 1
76 13
0 64
1 67
1 66
0 70
2 66
2 64
70 23
70 16
65 16
64 30
76 18
151 132
1 113
0 114
16 98
82 6
81 3
85 0
36 64
32 70
32 65
32 80
49 66
2 4
5 2
0 6
0 0
2 4
6 2
1 6
0 5
0 4
0 1
7 0
37 96
128 136
1 83
1 80
0 82
6 18
2 17
0 16
7 16
1 20
1 18
143 129
22 82
19 0
19 1
22 0
16 2
16 2
16 6
80 21
20 68
20 66
16 64
68 135
68 129
68 128
22 21
18 17
65 144
1 38
2 32
1 33
4 33
4 32
3 37
80 128
8 98
5 50
0 49
2 48
23 33
18 34
18 34
22 41
28 36
98 128
96 34
64 160
1 123
8 117
71 32
64 32
68 36
18 104
15 64
13 68
8 65
130 68
129 70
129 69
64 52
9 77
66 177
0 73
0 73
3 75
33 75
81 36
40 68
192 67
132 82
36 0
39 0
32 2
33 4
32 7
32 6
16 51
146 68
49 2
49 1
52 0
100 0
99 0
96 1
32 23
33 22
33 22
100 16
50 22
112 2
33 36
36 34
84 9
89 2
161 71
64 64
69 68
8 19
13 16
10 18
14 26
34 88
8 81
5 25
7 30
4 26
1 88
1 92
0 8
0 12
2 8
7 10
2 11
0 11
10 9
11 8
28 65
64 84
10 4
9 3
12 0
12 2
12 0
12 3
20 74
29 10
26 0
24 0
26 4
80 66
22 8
16 11
16 14
68 101
134 96
77 130
128 76
136 70
64 138
65 158
25 16
130 116
16 27
0 63
5 56
8 48
2 40
2 42
4 42
9 36
8 36
8 35
96 69
8 42
65 41
72 39
128 91
42 4
44 0
43 1
64 63
37 8
36 8
36 11
42 9
68 168
58 0
224 0
34 30
52 11
196 34
37 40
46 38
105 0
96 8
44 19
165 32
128 4
131 0
128 3
133 1
134 0
134 1
130 20
131 23
128 17
66 74
144 6
146 6
148 4
73 64
150 18
35 48
162 4
161 4
160 0
194 18
214 0
162 16
48 36
180 2
133 38
129 32
130 33
128 106
134 48
144 34
136 2
138 4
141 1
130 28
129 15
130 10
132 9
137 16
137 8
174 1
160 8
195 12
194 3
193 3
198 4
128 45
138 34
156 2
145 14
200 0
130 58
