# Synthetic Kronecker Graph Using RMAT
# K : 8, Sample: 2# Number of edges: 94
# Graph generation time (s): 0.50
34 128
130 2
134 6
134 0
133 2
128 8
136 1
0 164
131 17
161 5
148 5
128 37
0 192
131 128
128 131
192 0
2 128
0 128
0 128
4 144
20 132
70 128
0 137
14 130
129 65
64 65
68 64
0 69
1 69
5 68
1 74
9 68
0 84
22 67
66 2
67 6
64 0
66 0
65 35
66 20
5 1
6 1
4 0
1 0
2 0
0 1
2 2
7 0
5 0
6 11
1 8
0 12
9 0
9 0
13 5
8 2
9 8
8 8
0 21
3 16
0 20
82 4
18 1
19 0
19 7
16 1
18 14
27 2
102 6
23 19
16 16
38 33
34 32
32 64
36 3
32 5
32 1
33 1
32 12
43 1
32 16
54 2
7 99
6 37
3 35
6 32
8 38
0 48
21 32
0 25
8 16
64 10
74 1
0 43
