# Synthetic Kronecker Graph Using RMAT
# K : 8, Sample: 2# Number of edges: 88
# Graph generation time (s): 0.55
38 64
32 32
32 33
0 68
2 66
5 71
16 68
6 101
2 0
0 4
0 4
2 0
6 1
2 2
5 0
1 1
1 16
0 16
4 17
36 0
33 1
38 0
4 36
5 32
3 32
32 16
17 5
16 2
17 2
48 0
64 68
69 69
22 32
0 72
12 64
6 81
96 3
6 53
10 12
8 13
16 19
18 18
14 3
8 2
12 0
6 13
0 8
2 12
66 6
64 0
66 0
66 18
66 32
87 0
130 0
130 4
134 2
128 16
36 8
20 11
40 6
26 6
192 4
8 36
146 1
128 66
2 40
0 28
1 128
0 128
4 129
0 142
10 131
9 16
132 39
64 128
142 0
74 3
130 11
65 9
32 132
1 149
4 166
16 128
129 131
133 134
2 192
160 4
