# Synthetic Kronecker Graph Using RMAT
# K : 8, Sample: 2# Number of edges: 3348
# Graph generation time (s): 2.38
47 56
130 168
128 175
132 171
204 81
201 82
40 48
40 51
41 48
161 40
160 44
163 42
136 160
140 162
137 165
176 140
180 138
193 138
198 140
192 138
56 48
37 59
34 56
32 58
172 33
169 39
171 35
186 129
186 131
138 169
53 58
201 128
203 128
203 128
170 43
206 139
186 71
186 65
184 69
188 65
189 70
189 66
153 2
156 6
158 4
159 0
155 5
154 5
152 6
154 5
156 2
154 4
168 55
170 52
62 4
62 2
62 3
58 7
62 3
56 5
57 0
61 2
62 0
60 0
185 76
185 78
9 126
12 126
164 159
165 152
255 9
252 8
146 8
145 10
148 12
147 12
144 15
146 9
146 10
147 10
149 8
146 9
161 56
160 58
59 13
58 8
63 8
168 146
169 150
236 34
239 34
192 73
196 78
198 72
176 41
182 41
201 67
207 64
200 67
225 72
224 72
184 33
190 32
96 73
96 78
97 74
84 153
83 159
107 76
232 50
233 49
40 197
40 192
45 193
42 192
45 196
40 193
41 192
92 147
94 148
105 64
104 64
104 67
224 59
224 57
36 200
35 200
32 204
34 201
36 206
36 204
37 200
9 216
11 220
152 13
152 8
152 15
104 82
105 81
244 14
240 8
240 10
244 10
240 8
241 8
8 214
10 208
9 210
12 209
10 209
8 209
12 208
52 109
48 110
43 204
45 201
200 76
251 1
251 6
250 0
254 0
248 3
249 6
0 222
3 218
5 216
1 219
4 219
4 220
0 220
0 168
4 168
4 170
2 174
4 169
0 173
4 175
2 169
6 171
2 169
1 158
0 158
0 156
1 156
1 157
2 156
0 156
5 152
2 156
0 158
250 16
249 17
241 76
242 76
226 44
225 42
8 160
10 161
9 163
8 162
13 166
12 163
8 167
12 163
10 166
9 160
14 155
8 158
12 153
234 68
235 64
238 129
233 133
34 220
33 218
35 216
35 216
38 217
38 216
13 146
9 146
12 147
12 146
12 149
13 148
8 148
9 144
8 151
13 151
12 168
10 169
12 169
247 25
244 25
248 64
251 68
56 150
60 145
8 133
10 129
12 128
9 133
14 131
8 128
8 129
14 132
15 131
9 130
13 135
9 129
8 130
24 93
54 154
49 158
108 10
105 8
110 9
8 137
8 137
9 140
14 137
44 164
40 165
46 166
25 86
29 86
31 86
0 143
0 140
4 140
4 138
0 136
0 143
0 137
5 136
2 136
7 136
3 140
4 138
3 137
36 170
34 172
32 173
17 90
19 91
19 93
2 206
1 207
6 201
1 201
0 207
6 200
0 206
3 204
7 200
2 204
118 72
113 78
64 45
68 42
70 41
64 43
69 42
66 40
70 40
68 47
68 43
65 46
42 172
42 156
43 152
10 193
8 196
8 198
8 192
13 193
8 193
9 194
12 192
8 199
9 192
122 64
123 64
74 32
76 32
72 35
73 32
72 39
74 32
76 35
76 32
72 37
74 32
43 144
40 147
40 148
44 148
45 144
44 151
44 145
41 212
43 208
44 215
42 212
43 210
43 211
56 99
59 97
100 89
100 89
14 200
13 200
14 200
72 45
75 44
72 46
224 27
228 25
229 30
224 31
228 30
228 26
32 157
36 158
38 154
34 155
34 152
32 158
35 158
73 50
74 48
72 48
77 51
74 50
72 54
76 54
225 137
230 137
45 219
43 218
31 112
24 112
184 98
184 102
233 28
236 24
68 56
66 58
68 59
70 56
65 60
69 57
70 57
176 107
180 107
16 120
22 121
236 22
234 21
232 17
233 16
238 20
232 19
201 192
106 3
106 3
108 0
106 5
104 0
104 0
105 4
104 1
105 5
105 7
209 26
214 27
219 0
216 7
223 1
221 0
222 2
216 4
219 5
98 8
100 10
99 14
98 8
98 8
102 8
100 13
97 14
97 8
98 13
220 17
219 16
32 142
34 140
36 142
34 143
32 139
39 136
32 138
32 139
34 137
34 140
210 9
212 11
210 9
215 14
214 10
215 13
209 8
16 72
16 72
16 77
16 74
22 73
17 77
18 77
16 79
21 74
19 77
73 102
72 103
72 99
104 165
104 161
41 130
40 133
40 129
41 130
40 129
47 128
41 132
44 128
40 133
45 128
218 12
218 12
28 77
29 73
29 73
103 172
103 172
71 104
70 104
64 108
154 160
156 161
44 138
41 136
44 138
26 69
24 64
26 64
24 64
28 70
25 66
25 66
24 67
30 67
24 65
227 155
230 152
144 169
146 168
96 110
222 64
218 64
192 203
142 7
137 4
136 0
141 6
139 0
137 0
137 3
141 0
141 2
140 1
139 0
139 3
139 1
105 98
192 110
198 105
76 62
72 56
232 146
239 144
208 76
208 76
132 10
130 9
128 12
130 13
132 8
130 13
129 10
132 8
130 8
133 15
128 8
128 14
128 13
205 96
204 100
129 204
134 201
128 203
203 114
202 117
99 28
96 25
102 25
96 31
97 27
98 29
96 28
137 8
136 13
136 9
141 10
192 126
192 123
57 215
56 213
109 19
104 18
106 18
108 20
108 17
107 21
108 16
72 107
48 222
54 219
108 24
104 27
125 8
125 8
145 200
146 200
119 9
112 10
112 9
113 8
115 14
113 14
117 10
152 195
152 197
66 239
66 238
123 6
127 0
121 2
122 7
126 1
120 2
120 3
76 114
72 113
72 226
76 225
97 184
97 190
109 180
104 176
17 204
18 201
20 200
20 203
16 207
22 202
16 201
68 125
69 123
16 218
16 217
140 194
142 192
138 192
29 198
27 192
24 198
25 192
28 195
31 194
29 193
31 208
25 212
136 207
24 204
27 205
141 209
142 213
172 209
169 208
24 104
30 105
132 221
134 222
161 220
167 217
74 178
74 181
73 180
76 176
75 180
78 177
75 188
75 188
149 31
146 31
151 25
65 191
68 185
65 190
64 189
71 190
65 184
152 26
138 224
143 224
158 21
153 16
156 16
134 232
135 232
184 197
190 192
57 192
58 196
60 196
58 192
56 198
63 192
18 109
22 104
19 108
20 105
18 107
18 104
22 105
72 174
78 169
156 226
155 228
60 202
58 200
25 96
26 97
25 96
26 101
25 97
25 97
30 100
86 232
82 232
49 204
48 203
52 206
49 202
51 204
48 204
144 233
148 232
176 201
179 200
91 162
93 164
88 161
88 162
92 160
94 160
92 227
92 225
90 169
91 174
241 140
242 138
85 170
85 168
84 174
83 172
80 170
80 171
8 186
8 186
37 186
35 188
11 242
13 242
12 243
10 244
14 240
10 240
86 107
84 111
173 194
170 197
104 193
108 193
23 236
18 236
16 236
16 236
22 232
21 236
12 252
10 251
88 101
89 102
160 207
160 201
24 157
7 249
0 250
4 249
2 248
0 251
5 254
101 202
96 203
118 24
117 25
89 182
92 180
26 148
25 145
28 145
34 252
33 255
81 187
80 184
23 154
16 158
17 152
13 230
10 225
9 230
8 226
11 224
13 228
9 227
79 160
72 160
77 160
72 160
72 163
73 162
77 162
46 241
40 240
24 164
25 163
31 167
30 162
24 165
24 160
24 165
120 22
124 18
12 236
8 233
64 170
65 172
68 173
69 168
70 172
68 173
69 173
132 253
128 249
18 171
20 174
17 175
16 170
16 174
17 174
16 169
252 128
248 130
44 181
40 178
27 172
24 175
100 216
97 216
138 244
139 244
72 240
78 244
122 193
126 192
251 36
253 38
101 56
96 56
10 180
12 176
9 176
8 177
13 180
14 178
8 182
119 200
112 201
242 40
244 47
26 228
25 224
29 227
27 224
28 225
25 231
60 140
62 136
105 50
105 50
64 248
66 249
2 184
0 191
0 190
1 184
2 189
2 186
3 188
25 233
24 234
82 41
82 41
81 44
81 42
80 41
82 41
83 45
61 134
60 129
57 134
56 132
60 129
60 128
62 131
55 138
51 141
48 141
54 138
50 136
54 137
49 138
2 237
4 238
3 232
2 238
6 236
1 234
4 232
112 42
116 43
120 162
122 166
236 80
232 82
101 137
96 136
96 143
102 136
100 140
96 140
99 138
227 88
229 90
108 208
104 208
108 128
108 131
106 135
106 133
110 133
107 133
107 128
104 140
108 141
214 44
210 40
214 40
208 40
208 40
210 43
31 134
24 132
25 128
27 130
25 134
27 134
26 128
24 130
24 134
24 133
91 45
88 41
218 45
222 41
20 138
17 136
20 136
16 141
18 141
23 136
18 140
16 140
16 141
16 137
118 169
116 170
92 34
93 32
88 34
91 39
88 35
89 36
90 37
216 36
218 34
218 32
218 33
218 36
218 32
26 136
24 139
24 138
17 184
19 184
24 180
30 179
120 33
120 34
65 74
64 72
69 75
66 74
20 249
18 248
72 66
72 70
72 67
78 66
24 247
30 241
76 72
42 225
45 225
37 232
36 234
218 53
216 50
201 60
200 60
204 48
200 55
205 48
204 48
205 52
206 49
210 60
208 56
77 91
79 0
72 7
73 6
78 0
75 4
76 1
75 0
74 4
72 4
76 4
74 0
77 2
75 1
193 61
195 60
192 58
195 60
192 62
194 61
94 50
88 50
77 84
75 85
77 82
73 11
75 8
74 12
75 14
81 60
82 57
200 35
200 33
206 36
203 32
201 32
200 34
205 34
64 89
64 90
65 92
65 11
67 8
68 9
66 11
66 12
67 8
68 14
67 8
70 13
70 13
66 10
66 12
67 9
192 45
197 41
197 45
192 47
194 42
192 45
196 41
206 46
203 44
62 160
57 167
105 151
107 144
108 149
105 147
108 151
104 151
48 233
52 239
98 157
100 154
96 155
96 156
96 153
99 152
50 169
50 168
104 152
107 156
107 41
84 72
82 78
80 73
88 71
88 65
92 65
109 34
105 38
106 32
92 72
57 226
56 224
98 40
98 41
98 43
124 148
123 151
116 152
116 153
115 141
113 140
116 136
114 137
113 136
113 140
124 128
121 128
124 135
120 128
126 134
122 128
126 141
122 138
89 84
75 21
74 16
74 21
74 18
76 22
76 22
77 20
79 22
74 19
77 16
74 28
75 27
74 24
65 25
65 26
66 24
64 25
67 24
68 28
64 26
70 25
66 25
66 29
85 88
88 25
66 218
65 222
95 19
92 17
91 23
82 24
81 25
84 24
73 212
72 209
82 9
81 9
84 9
80 11
84 8
81 9
86 15
80 13
80 9
83 10
93 2
88 1
88 7
88 7
95 4
94 1
95 2
94 5
91 0
88 1
81 204
81 200
93 8
95 8
90 13
93 192
88 193
66 205
67 201
69 200
77 192
78 192
74 196
77 201
223 96
217 102
208 105
209 108
0 1
7 0
2 5
3 6
2 0
3 0
6 0
2 0
1 0
2 5
0 0
3 0
4 3
0 0
0 0
1 6
4 3
7 1
3 0
2 1
1 0
10 10
15 8
10 8
12 8
8 12
6 16
1 20
5 19
1 16
5 21
0 20
3 18
1 16
1 19
1 18
1 20
4 22
5 18
1 20
3 16
7 16
16 2
17 6
18 2
18 4
16 4
16 0
16 4
17 0
18 6
17 0
21 0
17 0
16 0
16 1
18 0
19 0
18 20
18 17
20 17
17 17
18 18
131 37
135 32
131 32
132 32
128 39
134 34
132 35
128 35
133 32
134 33
131 32
131 32
128 33
133 66
133 64
129 65
132 64
133 67
128 64
128 66
134 65
128 66
129 64
133 65
130 67
130 67
128 74
128 74
131 72
129 79
132 73
133 75
134 72
131 76
133 72
132 78
193 2
193 5
194 4
193 0
193 0
192 6
195 0
194 1
198 1
198 1
197 4
192 2
195 0
129 84
128 83
134 81
129 84
134 81
135 82
130 80
134 81
128 86
129 86
134 48
128 52
130 48
134 55
128 54
132 52
130 48
129 50
131 53
128 51
164 0
162 0
162 0
161 6
162 0
162 1
160 4
167 0
164 3
166 1
162 6
161 4
161 4
160 13
163 13
162 15
164 9
164 10
163 12
160 9
162 9
160 12
161 10
145 68
148 67
148 65
147 66
147 64
150 64
147 64
144 67
150 64
145 70
161 16
161 21
161 22
161 20
164 17
162 17
167 17
160 23
164 17
163 22
37 33
32 39
32 34
32 39
36 35
193 21
192 19
195 20
192 18
192 17
192 22
194 22
196 23
196 19
192 18
4 65
0 64
4 67
6 69
1 66
4 66
4 67
6 65
6 64
0 65
1 64
3 65
4 64
0 64
0 66
4 64
178 1
182 1
182 1
178 4
181 3
181 2
179 2
182 0
178 4
180 1
1 38
2 37
0 33
5 34
5 32
0 36
0 34
3 32
2 32
3 36
0 38
0 34
2 36
4 37
0 34
7 32
194 160
199 163
197 162
0 52
4 52
0 53
1 52
0 52
4 48
2 52
2 48
2 51
2 48
1 48
0 54
6 49
192 179
192 176
146 37
144 32
149 32
148 36
148 35
145 34
150 33
149 32
147 32
146 33
1 96
0 98
6 99
4 96
0 96
1 99
5 102
0 100
6 98
2 101
2 96
4 97
2 100
65 132
69 130
69 132
68 134
70 133
64 129
68 132
67 128
65 128
66 130
66 130
66 133
64 128
19 36
16 35
19 32
20 32
20 37
19 38
16 33
22 34
21 38
20 37
18 36
16 39
23 35
210 162
209 162
34 65
32 64
33 64
32 64
34 68
39 64
36 64
32 65
36 65
35 64
36 64
32 65
36 65
128 102
130 102
135 96
128 98
129 102
129 98
133 98
128 102
133 102
132 99
133 132
130 133
133 128
128 135
135 131
129 166
130 165
131 164
129 164
177 20
177 17
176 22
17 50
18 54
20 52
16 53
134 113
132 117
132 119
132 113
131 112
130 115
130 116
166 64
162 65
167 64
164 66
165 66
163 69
160 68
160 64
162 67
163 68
128 177
128 181
128 180
150 83
144 81
145 84
32 1
32 5
32 0
32 4
32 0
33 0
34 5
34 1
33 2
32 7
38 1
33 6
32 4
36 7
35 1
36 6
146 100
144 102
151 102
147 100
145 102
145 96
147 96
151 104
150 104
144 104
150 108
146 109
148 105
147 112
144 113
32 16
38 16
36 16
34 16
32 19
38 20
34 20
33 18
34 20
36 17
32 20
36 17
34 16
128 144
131 148
132 145
129 147
38 96
37 103
33 96
32 103
37 52
36 48
34 54
36 49
144 135
149 128
148 132
146 128
149 149
166 160
48 1
52 1
55 0
55 4
48 1
49 0
48 4
48 3
51 0
54 0
53 4
51 4
48 7
51 17
52 23
53 18
54 21
37 112
32 117
37 114
166 97
160 98
160 100
197 134
193 133
193 132
194 128
50 32
55 37
48 36
49 32
160 132
164 133
163 132
162 133
146 160
146 164
144 162
198 144
192 146
192 150
160 85
161 80
162 85
160 81
160 85
162 83
162 84
228 0
230 0
228 0
226 5
224 1
224 4
228 0
231 0
225 2
231 3
36 81
32 80
34 82
39 82
39 86
37 87
32 84
36 80
36 86
33 84
50 68
52 68
48 70
49 66
53 69
48 68
52 66
48 70
51 66
50 64
64 149
64 145
64 149
66 149
64 145
64 150
64 146
69 144
68 145
64 144
182 68
181 66
180 65
180 65
179 68
178 67
182 71
50 53
52 80
48 84
54 83
0 114
1 113
1 112
2 119
6 114
6 114
6 114
7 114
4 112
2 119
86 129
80 132
84 134
82 128
80 132
86 130
81 128
81 130
87 135
83 132
215 132
215 128
213 128
145 180
180 87
178 84
228 160
150 51
144 50
144 49
164 113
162 113
208 149
162 181
208 0
211 0
209 7
212 2
208 7
210 0
208 6
210 1
212 3
208 0
4 80
1 80
3 84
0 86
0 80
0 81
2 82
2 85
4 87
0 86
4 83
1 82
1 82
165 144
163 146
165 146
179 130
177 132
176 130
85 144
81 144
81 144
52 96
48 101
49 100
163 35
167 36
162 37
162 38
180 162
194 197
50 113
194 68
192 66
198 64
197 66
162 53
161 50
165 54
211 16
210 17
209 22
32 128
36 128
33 130
35 128
33 128
33 134
37 131
38 128
33 133
39 128
34 132
32 129
37 129
194 84
192 84
193 84
18 66
16 69
16 65
18 65
18 71
16 68
22 67
19 71
20 64
18 67
18 66
18 66
16 69
183 32
182 32
180 33
179 98
181 96
224 20
227 17
230 16
230 18
229 16
229 18
227 17
17 82
16 87
16 80
16 83
16 98
16 102
18 100
19 97
22 96
18 97
20 100
16 100
21 96
19 100
193 208
129 0
128 1
133 0
132 0
129 0
132 1
132 2
135 4
128 2
130 1
128 5
130 0
128 7
130 3
128 7
128 0
225 66
225 64
228 65
5 162
1 162
3 160
7 161
5 162
6 164
0 167
4 160
5 164
3 161
6 160
4 163
2 166
17 119
19 112
22 117
209 198
192 228
130 225
129 226
131 230
131 16
131 20
132 19
133 18
129 22
133 21
134 17
133 16
133 18
135 16
128 18
134 17
134 16
149 2
150 1
145 0
145 4
146 1
147 1
147 4
144 6
144 5
144 6
151 3
146 4
149 3
97 70
96 68
96 66
101 64
226 97
242 4
243 1
244 0
242 0
245 0
242 5
245 0
229 32
224 32
230 36
132 240
128 242
177 52
181 144
243 17
244 17
226 131
224 129
227 130
32 146
36 145
32 145
33 144
37 144
34 144
34 148
35 148
37 144
33 148
224 53
224 55
96 80
97 81
97 84
34 196
33 198
39 196
34 196
36 192
34 195
33 197
36 193
32 195
33 192
4 192
3 194
7 193
0 193
5 192
3 192
7 192
4 192
0 199
3 193
3 192
0 199
4 197
2 131
4 130
2 128
0 131
0 135
4 132
2 129
4 130
3 128
0 128
1 129
4 128
6 128
0 131
1 128
2 129
51 134
54 128
49 132
51 128
52 135
53 130
52 128
48 130
52 129
49 128
0 214
5 208
4 210
1 210
0 209
0 211
2 209
4 208
0 209
2 211
1 144
0 150
0 146
3 146
5 146
2 144
1 145
0 148
0 151
2 147
0 149
3 148
0 150
115 64
118 64
112 64
128 194
132 193
130 193
132 192
34 212
34 208
32 209
37 210
32 213
38 211
32 210
52 148
52 146
49 146
192 98
197 99
193 98
19 192
18 199
20 194
19 198
16 194
21 194
21 194
20 194
16 199
19 198
224 85
225 81
211 71
211 64
208 71
48 194
55 193
51 192
48 198
50 195
49 194
55 197
150 18
144 21
145 21
148 18
244 70
245 64
128 212
135 211
128 210
66 96
64 98
64 102
66 100
224 146
226 145
96 0
96 2
98 0
100 1
103 0
100 0
97 6
102 7
96 2
99 0
101 1
98 6
96 0
161 224
68 114
68 115
67 112
70 227
68 224
64 229
17 208
21 208
22 211
35 160
32 160
32 166
34 160
97 96
48 212
48 214
64 39
70 33
64 39
68 38
69 34
65 34
66 32
64 37
65 36
71 32
70 33
65 33
67 33
209 81
23 128
17 128
18 129
16 129
22 128
17 130
18 128
18 129
18 133
22 129
16 129
20 128
16 132
96 22
100 16
96 16
103 16
96 22
98 16
99 19
96 23
103 22
100 19
145 196
146 192
145 192
116 82
240 134
240 133
71 48
64 54
64 48
65 54
67 52
70 49
70 52
64 49
69 51
64 55
96 162
100 167
100 162
8 3
15 0
11 4
8 5
11 4
10 3
12 1
8 7
10 5
12 2
10 1
8 2
13 1
10 0
13 5
12 3
70 161
69 164
68 165
71 161
64 160
66 166
64 162
64 160
66 163
67 164
115 0
113 0
114 0
113 4
118 3
112 2
116 1
114 4
118 5
112 1
0 15
2 12
4 9
0 9
1 10
4 8
2 12
1 12
1 10
2 13
0 8
4 13
4 15
3 15
7 8
0 9
16 148
18 144
20 146
20 145
97 114
245 39
244 32
66 182
64 176
64 180
70 181
65 176
64 179
64 179
194 113
192 118
138 75
137 72
142 73
99 197
100 193
98 199
150 225
148 224
138 64
140 64
140 67
140 67
137 71
143 65
138 64
137 66
143 66
137 66
84 160
85 160
82 160
83 166
80 165
83 164
82 165
228 194
68 242
68 242
155 74
152 72
0 176
2 177
1 181
2 181
0 176
5 176
2 182
3 180
0 181
0 179
112 16
118 19
112 17
152 64
152 70
153 71
153 68
154 69
156 64
159 64
86 224
84 226
167 192
162 194
161 192
16 164
22 161
19 162
16 160
17 162
16 161
21 160
17 162
16 164
16 160
144 73
151 72
150 72
149 78
146 73
144 78
149 72
160 214
160 212
32 178
34 176
32 181
176 192
180 196
97 179
100 176
113 98
144 210
7 24
5 26
6 24
4 24
6 25
2 29
0 24
5 28
1 28
5 30
1 25
0 27
4 24
119 162
112 164
15 29
8 26
10 24
10 28
87 177
80 180
82 100
80 101
86 97
14 17
14 16
10 18
8 22
11 18
11 16
9 22
8 22
14 17
8 21
14 18
11 16
9 18
53 165
54 163
53 160
18 177
17 176
18 177
99 208
97 212
0 224
1 226
0 230
0 225
6 225
0 228
0 228
0 225
0 228
1 224
68 70
64 64
64 69
70 65
66 64
82 117
100 35
97 32
102 33
96 38
113 192
112 194
82 36
82 36
80 34
80 35
80 37
83 33
80 33
84 32
87 32
84 39
81 48
80 55
81 48
68 80
68 82
65 82
64 80
31 5
28 1
30 4
24 2
25 2
28 5
24 6
28 2
25 2
30 5
24 5
30 1
25 0
99 52
98 51
101 48
30 12
31 15
26 15
30 9
19 28
16 24
20 25
19 24
16 12
16 8
16 9
21 10
19 12
20 8
18 13
23 8
21 8
21 13
16 15
17 13
18 8
28 17
24 19
27 20
28 17
1 241
0 243
7 240
1 244
0 245
1 242
2 244
192 36
193 32
194 38
192 34
192 37
198 33
195 33
196 39
198 38
197 32
24 30
21 225
16 231
17 230
18 225
21 227
17 230
16 227
39 229
34 229
34 229
112 35
112 39
116 34
16 244
22 240
53 180
97 134
100 131
96 131
98 133
102 128
97 130
100 130
102 129
102 133
97 134
98 145
96 146
99 144
99 144
97 146
96 148
97 145
37 242
34 244
66 3
65 2
70 0
65 5
69 2
70 0
66 0
69 6
64 5
66 0
65 0
69 0
67 5
67 0
66 5
66 1
53 228
50 225
81 66
84 64
80 64
80 65
116 130
114 128
116 129
113 130
112 134
119 128
112 134
85 82
114 52
192 48
197 50
199 53
194 49
192 50
192 52
196 53
116 146
112 147
69 16
64 23
70 20
66 18
70 16
68 18
68 18
66 20
64 22
66 23
64 21
70 23
64 16
103 224
132 56
130 61
129 57
134 56
132 60
134 59
129 56
45 45
136 63
140 59
32 43
32 44
32 47
34 45
41 33
42 36
42 33
40 32
213 96
208 96
168 8
168 12
170 13
208 39
209 34
210 33
208 36
208 34
213 36
208 35
196 171
197 170
168 4
171 3
168 3
171 4
169 3
174 3
168 3
172 2
170 1
174 7
129 94
129 92
128 88
128 88
133 90
128 90
132 90
0 57
7 56
3 59
4 57
4 59
7 59
6 62
0 59
0 63
4 57
136 90
142 92
8 50
14 52
14 52
8 52
8 50
8 49
9 52
14 49
8 48
12 48
213 48
211 50
8 59
9 58
11 56
138 49
137 48
140 50
141 48
139 48
137 52
136 49
1 78
0 77
0 79
4 74
2 74
1 77
0 74
0 77
3 73
4 76
0 72
0 77
2 76
4 104
4 108
6 104
4 109
0 107
2 105
1 104
0 108
3 107
2 104
140 139
10 75
9 74
14 77
9 72
8 96
12 96
9 96
13 98
14 96
8 96
9 100
12 96
8 98
15 102
8 71
10 71
14 64
8 65
8 67
10 68
9 71
12 69
12 68
8 68
8 64
14 65
11 68
143 128
142 131
138 128
140 134
13 104
10 105
9 108
130 136
128 138
128 138
133 138
36 76
38 73
36 72
32 73
33 72
38 74
39 76
37 76
32 74
33 72
41 65
42 69
42 65
41 70
40 67
40 71
40 69
40 67
40 69
46 64
44 74
46 75
47 73
202 160
204 160
136 80
138 84
141 82
141 86
139 80
137 84
143 84
192 25
192 28
193 26
198 27
192 31
198 24
198 24
200 26
201 29
158 99
156 96
153 102
154 100
152 101
152 97
164 27
161 28
160 24
160 24
162 29
160 27
161 25
157 106
155 108
168 16
172 23
170 17
172 18
171 18
172 19
171 22
172 31
175 24
150 120
148 123
130 43
134 42
129 41
130 46
129 44
132 43
130 45
130 40
128 47
132 41
65 142
65 140
71 138
65 138
68 136
64 136
65 139
66 142
68 136
66 136
58 25
200 16
204 17
207 20
200 20
200 16
203 21
207 16
156 113
156 112
137 35
142 33
139 32
142 39
137 36
141 33
136 35
137 36
142 32
140 36
78 137
73 141
72 141
61 22
60 19
59 16
148 46
146 41
144 40
145 40
151 40
146 40
145 45
138 44
142 40
138 42
72 134
79 134
73 128
73 128
78 132
76 135
73 134
77 128
77 130
77 134
55 26
50 28
49 28
218 163
219 162
146 137
149 138
144 141
54 45
52 40
51 44
210 172
209 174
156 142
61 34
57 32
60 33
162 105
166 109
172 98
169 102
178 25
180 31
213 137
210 138
200 179
200 180
226 9
226 8
226 11
224 10
228 9
230 8
224 8
154 47
156 43
232 1
237 2
237 6
236 2
232 4
236 4
237 0
196 8
192 12
193 10
198 10
192 8
197 12
192 15
194 15
195 9
195 8
153 132
155 135
158 128
63 40
152 33
152 38
153 33
154 33
152 32
158 35
154 33
194 188
196 189
203 4
201 1
200 1
206 0
202 4
201 2
200 7
205 0
200 3
203 0
201 9
206 9
203 8
129 184
130 188
186 21
190 16
180 11
179 9
179 10
177 8
176 9
182 9
177 12
218 132
216 130
160 89
161 88
160 95
161 90
164 91
163 88
184 0
184 0
184 0
189 4
184 0
189 4
185 4
232 11
232 15
136 182
138 182
170 95
171 91
184 14
188 10
67 192
66 197
69 198
66 192
34 92
34 88
36 89
37 89
35 88
36 89
36 91
80 1
86 3
84 1
82 0
80 1
83 0
83 4
84 5
82 3
84 2
80 1
86 0
84 2
40 87
45 85
46 80
46 81
41 80
40 85
40 82
184 81
189 85
66 212
65 209
70 212
128 104
135 105
134 105
132 110
129 104
130 105
133 106
83 20
80 18
80 22
81 18
43 94
43 88
10 46
13 44
14 41
8 43
176 90
180 89
84 192
85 193
87 196
9 34
10 33
9 37
8 34
11 34
10 34
8 35
8 36
9 34
12 36
13 32
10 32
13 39
168 85
174 83
171 84
170 80
169 81
174 85
2 40
6 41
7 41
6 42
4 40
2 47
0 43
5 43
0 41
7 43
1 47
6 42
0 45
32 104
32 108
32 104
80 210
138 153
61 64
56 71
56 70
57 70
57 64
60 67
62 64
43 96
40 98
41 96
66 156
68 159
67 156
65 154
67 156
65 158
68 153
16 46
22 44
16 40
16 41
16 42
20 40
16 40
18 40
20 41
16 44
48 89
52 88
48 75
54 72
51 72
52 77
54 72
53 77
51 74
42 104
77 154
72 152
27 44
30 42
24 43
59 80
60 87
58 73
62 73
146 91
144 95
136 96
136 102
140 99
137 98
137 98
136 96
136 99
30 33
24 36
24 38
27 32
30 36
28 37
27 35
30 36
28 33
25 37
38 27
36 25
34 29
39 25
32 29
32 24
34 24
32 29
35 29
33 31
139 104
137 104
168 136
40 19
44 16
40 20
45 18
47 17
42 17
41 21
40 16
40 16
45 20
140 116
136 112
137 112
136 118
139 112
138 114
43 5
42 2
43 0
41 2
47 0
42 0
44 0
42 1
46 1
40 0
40 6
41 2
40 7
142 122
140 120
146 158
40 13
43 10
42 8
42 8
144 62
146 60
94 136
88 138
134 121
132 123
132 123
130 121
128 122
131 120
34 12
34 13
32 13
36 11
35 12
32 11
37 15
34 8
32 14
35 11
33 15
32 12
36 10
156 147
168 74
169 76
155 52
156 49
38 120
35 126
160 77
160 72
162 74
164 74
160 77
161 72
164 78
45 114
42 112
73 144
77 146
74 149
74 144
72 146
72 151
72 145
154 85
157 80
133 152
131 153
128 154
168 66
175 68
168 64
168 66
168 71
171 65
168 68
160 168
138 146
138 144
138 149
170 164
192 90
196 93
174 128
170 129
171 130
42 29
44 25
44 26
194 153
192 158
200 149
200 150
166 136
166 137
164 138
17 56
21 58
18 60
166 123
163 126
24 60
2 120
0 123
4 123
3 121
2 120
2 123
4 120
80 143
86 137
87 140
83 140
80 139
84 137
83 143
0 90
1 90
1 92
2 92
6 90
0 90
3 90
1 92
0 91
3 90
168 114
170 112
27 48
26 51
24 49
8 116
9 114
13 116
12 112
8 112
13 112
14 112
88 128
89 128
88 135
92 128
89 135
90 133
92 128
140 16
137 18
141 19
141 17
136 18
140 19
139 21
137 16
140 21
137 16
8 85
9 81
9 86
14 81
8 83
14 84
12 82
9 80
13 80
9 80
134 28
132 27
133 24
130 24
129 25
128 24
130 29
128 25
135 24
130 25
10 89
12 89
9 88
49 8
49 8
48 9
49 14
48 13
49 8
49 8
52 14
48 15
50 10
177 72
176 72
178 72
177 74
183 77
178 72
143 24
140 27
137 26
