# Synthetic Kronecker Graph Using RMAT
# K : 8, Sample: 2
# Number of edges: 308
# Graph generation time (s): 0.04
10 20
18 8
10 33
0 18
33 32
25 0
17 4
7 16
56 18
35 1
2 21
5 40
40 16
48 62
40 54
44 29
4 49
32 18
31 16
38 48
45 9
50 4
48 41
55 24
35 46
7 35
0 9
18 36
7 0
44 19
49 0
58 20
22 43
33 48
38 16
10 48
12 34
20 8
10 44
27 24
0 40
26 41
72 51
64 29
85 42
85 32
125 14
108 17
73 49
116 26
109 32
114 5
85 10
78 0
98 5
114 8
64 31
69 3
70 0
64 0
91 12
124 11
71 48
64 32
104 0
82 0
104 49
76 44
96 7
122 12
101 2
72 6
104 12
90 12
78 48
66 59
74 34
56 90
16 81
18 102
24 116
31 96
44 74
48 74
0 112
38 72
0 67
7 77
32 97
38 76
38 107
51 69
38 88
52 66
38 88
52 67
45 80
4 119
14 73
0 113
54 74
56 66
24 70
35 66
1 168
49 128
37 144
48 137
63 166
34 138
34 144
0 151
47 176
10 128
17 133
0 158
29 163
43 179
8 146
27 156
2 161
10 136
16 135
16 131
4 173
16 131
34 135
1 164
16 173
32 151
26 128
69 191
90 133
92 129
66 154
104 130
104 132
67 144
72 178
94 133
78 178
72 141
76 136
78 137
81 162
76 137
120 133
124 128
81 132
83 134
93 154
70 128
76 137
120 128
98 221
125 195
100 211
66 200
112 193
96 209
133 9
159 58
178 0
155 0
151 8
157 42
155 1
148 8
128 0
164 25
174 29
164 3
170 37
132 41
160 32
169 4
149 10
141 16
157 34
171 0
162 17
177 4
176 0
158 6
145 18
179 8
164 16
180 0
176 48
141 0
131 32
148 40
180 8
180 0
155 48
195 68
192 87
208 98
208 64
195 68
221 64
206 97
210 88
110 113
117 72
74 65
91 108
112 88
112 67
82 72
69 100
77 79
70 80
41 197
0 216
38 194
0 210
32 213
19 232
1 192
30 245
12 203
8 194
24 229
10 208
48 219
22 193
6 226
37 218
18 196
137 114
129 66
138 96
128 126
185 67
161 80
164 66
163 66
189 82
164 73
133 66
178 87
148 81
129 112
162 70
169 80
154 103
144 99
153 110
159 96
146 112
162 68
164 117
149 146
130 136
142 165
145 136
129 181
164 129
160 157
165 160
134 129
177 153
248 139
196 131
218 174
194 132
236 144
242 161
208 132
217 132
215 0
246 8
225 23
218 20
220 39
197 24
200 3
199 16
223 20
206 61
196 19
214 16
235 16
193 36
208 53
240 3
195 24
197 32
199 17
245 0
194 4
208 4
209 0
211 36
211 36
234 5
192 17
192 20
237 0
166 204
173 195
145 200
184 206
163 203
136 211
220 192
196 192
