# Synthetic Kronecker Graph Using RMAT
# K : 8, Sample: 2
# Number of edges: 813
# Graph generation time (s): 0.03
11 27
36 39
8 27
42 55
2 35
7 22
37 21
0 28
12 5
56 39
12 6
0 9
41 33
45 46
25 30
1 2
11 51
32 2
52 28
41 43
20 18
43 51
25 1
33 0
25 57
4 48
10 34
39 55
0 2
52 22
13 17
4 32
27 30
9 44
62 10
48 18
32 26
6 62
9 52
18 60
14 28
41 57
57 41
36 38
44 58
0 10
23 5
6 53
16 11
62 63
4 11
45 11
58 18
18 11
32 18
48 52
3 2
63 62
9 8
36 36
5 38
48 28
33 24
6 23
43 33
18 9
48 40
24 18
33 1
50 50
52 54
40 2
23 10
52 60
7 11
17 20
39 10
14 21
32 9
4 3
43 17
12 42
3 35
1 17
32 24
24 26
34 39
1 37
8 10
17 63
8 6
0 0
33 5
0 0
0 58
42 26
22 23
6 10
32 36
18 27
16 18
41 37
33 13
16 18
10 2
46 40
26 10
6 6
1 5
41 58
37 57
2 16
59 40
0 49
18 16
8 12
5 42
17 28
45 29
25 26
8 32
45 17
60 20
25 50
2 34
0 14
6 4
15 39
45 45
9 43
0 46
36 2
16 26
26 17
37 53
60 44
16 17
18 2
1 29
24 19
2 23
23 31
21 17
7 40
0 26
13 39
22 5
2 51
3 19
51 57
60 53
73 12
64 0
112 35
64 2
118 54
71 17
98 56
84 23
80 16
84 61
72 18
98 6
114 10
97 37
83 18
73 49
119 51
75 43
81 6
102 1
95 27
73 53
75 15
112 32
64 28
66 0
70 6
116 48
90 43
88 41
65 49
102 44
85 16
73 21
73 8
78 46
106 58
81 35
81 25
105 41
98 3
92 20
101 3
67 13
72 24
65 26
82 18
98 46
104 14
80 41
72 48
77 12
66 22
98 36
6 86
20 86
24 94
39 115
39 126
21 80
6 110
8 68
58 104
20 70
28 112
1 73
10 107
8 96
54 115
12 76
4 64
5 79
17 67
16 81
54 114
36 73
3 70
4 77
0 112
54 99
16 65
9 82
4 66
1 66
61 110
35 78
19 86
30 103
15 71
42 108
32 85
20 110
53 87
20 119
17 81
2 70
10 115
37 69
33 99
34 98
40 104
10 68
19 85
44 97
45 122
34 69
0 64
16 80
24 104
12 112
33 97
45 67
22 111
27 107
21 121
0 78
1 124
52 100
18 80
25 127
124 101
100 104
94 94
116 100
76 110
117 92
75 71
108 66
104 68
92 116
99 116
114 121
104 94
70 74
122 88
69 70
118 127
72 72
82 82
114 82
104 106
113 73
65 65
83 116
64 80
96 108
84 68
78 80
67 74
66 103
64 64
64 96
113 112
104 120
88 91
68 76
102 86
68 68
74 74
109 85
110 111
99 66
121 81
68 67
93 86
80 112
80 84
83 97
74 113
106 72
98 123
78 109
80 64
107 96
83 71
68 108
74 106
80 80
107 93
66 96
76 108
81 88
70 64
82 80
72 120
68 65
65 65
98 106
118 110
71 79
89 65
69 119
66 66
66 72
74 74
66 69
104 120
75 89
104 68
74 104
28 157
6 130
48 148
42 186
26 138
51 178
37 184
5 140
27 156
10 162
27 145
59 161
4 151
0 169
12 146
17 144
52 181
8 144
33 160
56 155
32 177
52 178
8 138
10 138
22 134
33 169
40 130
10 138
40 132
32 149
17 145
42 178
6 131
19 169
28 181
35 131
12 158
40 172
60 156
8 131
51 179
52 176
55 172
16 129
20 135
13 152
8 186
33 161
5 133
0 146
25 137
1 181
35 130
59 157
49 177
11 146
24 168
42 136
56 152
32 160
22 158
21 134
3 173
42 170
40 185
24 170
81 160
81 131
98 159
81 128
90 142
83 146
105 173
65 144
109 134
66 168
66 129
80 185
70 140
114 130
70 174
112 148
88 163
80 184
89 145
65 151
87 133
112 188
76 184
108 228
107 240
97 192
64 208
87 206
69 202
101 247
108 217
102 198
88 216
78 200
83 193
116 224
64 225
66 212
94 215
95 206
65 213
121 232
112 236
75 202
77 205
97 249
83 195
71 227
71 242
108 200
102 193
69 213
81 217
96 192
65 216
67 209
98 233
114 247
132 48
133 8
140 17
180 37
166 25
164 44
132 24
178 5
179 27
181 23
130 26
129 17
149 16
176 24
130 18
132 2
136 23
144 63
188 4
148 41
169 59
133 9
154 27
159 15
140 27
186 44
131 1
128 17
162 51
155 23
139 11
143 0
142 38
155 33
189 11
148 22
144 4
189 44
165 9
172 29
177 35
160 8
190 23
148 26
134 2
177 63
138 32
148 29
143 15
180 36
161 3
129 11
169 40
185 63
226 66
208 82
209 91
221 69
203 73
193 69
212 68
234 109
193 108
205 69
231 102
192 96
199 65
237 92
192 98
218 86
249 107
209 81
224 101
199 108
209 73
195 67
205 78
200 94
209 80
230 79
192 80
208 96
8 206
2 210
24 218
48 232
44 244
11 195
40 205
17 225
9 217
2 226
45 218
25 233
24 208
18 196
48 240
3 225
18 242
4 196
54 192
8 205
53 245
62 230
61 233
43 199
0 196
8 226
62 249
37 229
56 236
180 114
129 90
128 81
128 64
148 77
140 72
136 98
172 89
128 96
176 112
160 84
180 83
148 82
135 76
145 116
134 106
160 96
153 82
160 116
144 86
128 100
128 86
146 82
185 151
131 151
172 160
131 158
146 148
128 175
128 136
130 135
173 145
130 131
146 136
147 163
168 171
162 138
131 166
144 131
171 173
164 164
184 129
184 185
186 144
130 130
140 136
130 150
148 133
157 147
160 145
168 164
131 138
141 130
140 142
160 153
148 134
183 182
145 157
159 142
148 145
158 158
176 185
138 154
178 130
181 176
132 156
152 140
132 160
138 128
178 171
132 166
135 133
156 132
150 152
133 150
139 138
130 134
179 171
176 147
137 139
129 137
129 143
130 130
130 130
136 141
136 137
165 130
130 134
130 130
146 181
168 171
177 185
164 148
168 172
176 148
144 136
154 152
168 160
131 145
131 146
149 130
161 132
138 135
128 205
132 196
131 227
144 208
155 221
158 197
153 197
175 226
162 194
132 213
166 226
180 238
174 222
160 226
185 248
162 234
157 210
145 213
129 235
151 220
162 255
171 218
132 204
135 212
128 236
140 236
128 208
132 196
145 227
144 245
141 196
144 234
137 193
184 208
128 199
205 200
195 202
194 217
241 227
213 201
223 218
201 205
241 209
205 201
194 202
217 202
232 201
234 226
232 240
200 218
204 220
208 246
248 248
208 224
250 230
245 197
231 225
216 220
205 236
228 206
194 195
199 231
231 195
214 195
200 202
201 207
218 250
198 231
220 200
197 221
206 207
233 233
210 210
202 202
221 225
214 198
209 210
209 33
241 48
225 57
192 33
231 52
197 37
213 16
235 1
204 44
192 3
193 1
209 19
234 59
209 17
240 20
193 21
203 12
232 24
244 16
208 149
227 149
242 170
212 168
249 166
194 144
192 144
227 179
201 146
251 167
195 171
217 141
196 164
222 152
237 165
241 163
219 177
192 170
202 152
196 157
192 161
197 142
224 131
213 162
198 131
235 141
228 161
196 134
