# Synthetic Kronecker Graph Using RMAT
# K : 8, Sample: 2
# Number of edges: 814
# Graph generation time (s): 0.06
37 33
7 60
36 32
20 0
4 10
0 52
28 10
0 8
1 7
22 48
4 28
56 19
0 32
12 34
5 53
46 17
6 28
40 9
12 16
24 38
11 29
3 24
18 19
8 20
2 52
9 58
40 2
38 18
8 27
16 20
9 45
10 32
59 44
46 1
1 53
61 33
13 13
37 12
16 36
12 16
4 9
2 17
16 20
8 25
4 10
12 32
36 5
2 49
0 13
44 2
32 23
56 17
14 21
60 0
4 39
1 16
9 1
8 4
12 33
0 37
10 7
32 1
16 21
50 23
32 19
48 2
24 0
4 10
34 56
0 48
19 5
7 41
1 14
16 0
34 0
19 33
48 0
1 1
18 33
0 17
0 3
0 51
52 11
16 7
53 15
22 48
24 18
17 39
22 39
19 3
32 24
32 58
3 20
9 20
6 15
5 32
33 55
49 44
20 2
11 8
7 55
0 40
11 1
52 3
33 4
3 4
8 0
19 2
52 21
48 16
16 48
37 34
22 5
36 5
14 24
11 34
57 33
0 15
16 24
1 33
9 8
20 10
17 6
22 50
32 22
0 33
9 48
5 32
12 60
33 40
49 32
0 41
40 47
16 48
20 36
21 48
0 11
0 33
3 33
56 16
14 51
32 6
45 20
34 1
16 21
8 40
41 58
36 15
32 26
6 44
42 50
2 32
44 0
0 68
0 90
24 68
56 86
2 79
33 124
23 98
57 84
0 76
15 100
25 64
0 112
50 98
18 92
8 102
8 105
33 64
8 84
34 70
8 87
34 88
36 70
38 76
4 64
34 101
2 73
8 85
32 74
16 96
9 116
38 73
19 96
8 87
48 96
49 126
4 114
39 84
33 112
21 76
14 84
60 114
21 80
32 69
5 80
49 76
25 102
0 88
1 81
4 73
4 74
4 89
33 76
17 65
5 77
2 80
6 96
36 85
19 72
28 76
0 72
36 113
0 107
4 96
22 68
19 105
2 81
0 96
27 64
4 97
24 112
35 84
8 66
40 124
40 80
10 68
8 101
40 73
4 108
19 90
4 64
0 105
8 123
5 65
8 73
3 88
40 80
16 65
6 109
68 80
70 68
104 65
80 68
116 64
80 64
69 80
80 98
92 64
110 100
80 70
69 121
82 97
99 76
72 81
114 74
87 74
66 65
112 80
91 66
68 122
74 65
66 72
83 76
76 64
72 80
64 66
74 74
113 70
64 66
118 105
104 72
97 96
64 1
100 0
80 1
114 25
114 5
103 23
66 8
72 8
74 43
64 19
104 12
66 11
116 4
89 19
68 13
97 0
64 6
72 3
80 34
64 16
99 0
72 50
106 5
70 19
77 16
96 1
92 17
64 1
96 56
69 0
65 30
98 32
81 5
100 40
86 48
96 2
72 10
104 52
65 17
98 49
92 2
80 0
72 40
80 40
98 40
64 32
68 61
69 2
120 7
90 16
85 30
80 48
81 56
67 33
64 32
80 24
77 32
72 4
80 35
67 48
67 1
69 8
64 32
80 8
68 1
96 16
96 3
82 11
64 32
96 13
65 12
98 43
80 42
103 4
88 32
96 17
77 57
74 1
84 32
1 140
42 160
32 138
5 160
26 152
26 136
40 160
0 136
25 170
33 182
20 161
5 143
22 132
10 181
46 136
10 129
17 174
41 153
8 144
8 128
18 175
4 128
2 162
48 142
2 130
30 130
32 162
25 138
1 128
0 153
57 134
16 140
0 146
24 162
16 144
2 165
32 190
20 160
42 128
1 146
18 140
22 147
33 144
15 138
36 185
26 161
17 142
24 150
4 131
33 160
48 135
33 166
2 161
21 136
18 161
32 160
24 136
27 132
32 128
0 145
0 130
22 172
27 130
32 146
14 172
26 136
37 170
52 136
37 136
56 140
0 131
18 155
42 162
37 186
5 165
6 130
0 129
16 130
43 176
12 145
8 162
13 129
40 135
36 128
32 130
1 139
50 133
25 164
66 136
69 135
72 134
102 160
64 158
74 148
125 148
98 170
65 138
93 160
88 132
82 136
64 176
64 166
80 137
108 138
77 131
116 134
100 130
65 176
64 169
66 190
84 129
65 166
66 137
117 154
110 130
66 156
94 163
66 160
72 146
96 147
64 178
72 168
83 144
72 147
98 132
69 161
80 139
82 132
67 128
104 134
90 128
71 174
88 133
50 195
6 239
24 194
13 194
25 200
48 197
33 194
16 200
35 195
44 193
2 253
38 203
0 232
48 248
1 210
36 192
1 250
1 245
45 228
2 240
62 241
9 192
8 193
56 195
56 195
19 208
9 240
32 233
1 230
35 202
33 202
10 200
12 202
2 225
6 240
48 193
0 228
36 204
4 217
56 244
33 210
0 212
36 216
18 225
1 210
5 198
17 192
5 226
34 245
2 195
8 197
144 16
156 56
178 34
136 21
156 36
161 27
135 32
128 34
151 1
176 2
136 1
146 20
133 33
160 20
150 1
128 17
178 0
138 38
154 33
153 0
130 46
178 60
176 4
164 2
179 11
160 36
172 19
139 4
144 35
129 5
152 26
128 42
147 2
130 34
176 12
128 51
162 34
140 0
154 38
164 61
129 34
168 8
148 18
129 48
136 22
131 0
160 1
144 59
176 24
143 48
129 37
132 10
134 16
128 16
160 30
149 33
162 25
148 2
134 10
133 10
172 1
129 36
139 8
152 12
149 28
132 28
161 22
130 35
154 3
128 56
148 22
165 8
134 8
144 0
144 9
152 17
129 17
130 6
138 40
218 69
225 107
205 118
228 66
217 78
197 88
192 88
210 101
208 75
198 81
213 66
200 116
208 82
225 98
208 72
210 65
192 68
132 136
128 135
135 148
144 179
144 164
152 140
164 141
130 139
129 132
136 148
161 171
147 138
140 129
140 158
168 146
164 172
137 128
178 138
180 172
129 142
162 164
136 171
160 170
161 166
172 139
160 128
184 146
144 152
130 144
131 132
128 177
134 170
134 136
230 128
207 160
210 133
193 186
240 134
230 150
197 130
234 160
192 164
212 128
248 131
247 141
224 130
237 128
197 153
204 157
202 128
122 201
65 242
76 213
97 194
72 198
64 200
64 195
66 226
88 192
121 228
98 207
68 209
105 193
108 210
65 201
64 217
96 211
80 201
104 224
176 70
137 67
132 107
168 64
144 66
184 69
172 108
160 116
146 68
160 81
160 72
146 89
176 121
153 113
140 101
136 100
137 102
129 103
136 80
175 98
144 104
144 97
162 76
144 80
140 100
129 98
137 84
162 104
128 74
188 64
150 65
146 88
133 81
170 86
129 116
136 103
148 67
138 106
140 78
157 64
128 76
134 65
130 104
132 98
154 64
152 208
153 232
130 232
162 252
149 198
130 225
128 196
169 196
146 197
129 203
172 213
164 206
135 197
169 247
140 219
130 237
150 192
134 192
152 212
195 192
202 210
194 198
197 212
201 197
192 233
209 245
226 16
232 59
224 17
196 2
222 0
222 6
198 7
233 9
231 24
240 36
201 56
211 33
232 36
195 0
200 5
200 7
201 0
197 8
195 56
197 40
203 30
192 43
247 18
193 32
193 31
200 51
208 1
252 32
198 4
225 10
196 6
193 42
192 3
195 29
233 22
203 24
204 38
208 17
238 1
193 13
202 24
