# Synthetic Kronecker Graph Using RMAT
# K : 8, Sample: 2
# Number of edges: 209
# Graph generation time (s): 0.03
10 10
58 57
24 24
22 12
32 33
34 42
9 9
38 52
17 52
32 39
5 5
23 48
8 26
44 61
48 34
33 33
56 20
0 8
7 2
1 1
0 1
56 58
15 31
58 62
34 54
2 0
0 0
49 19
44 44
3 35
8 40
10 3
6 38
20 59
2 2
5 21
41 49
32 0
21 21
55 55
3 17
0 41
0 18
28 4
26 42
45 109
59 120
35 96
32 96
1 73
41 104
9 105
15 79
47 78
25 126
51 99
4 72
127 102
123 82
98 99
121 65
108 108
116 112
64 68
80 64
97 97
119 92
88 88
93 84
122 114
70 108
74 90
88 88
95 127
66 98
70 82
79 64
69 73
68 71
76 77
127 127
69 97
118 116
64 64
105 113
74 74
160 161
176 178
134 143
150 166
132 140
178 178
166 134
150 174
128 130
145 145
177 183
146 146
164 172
164 164
130 186
138 130
153 129
128 128
139 154
169 140
136 140
136 176
135 157
185 152
145 145
137 169
185 185
148 180
128 129
52 142
41 153
19 159
26 155
34 182
11 138
60 188
52 188
18 130
51 185
1 131
46 142
18 202
16 216
15 203
128 1
147 11
172 62
181 37
141 9
153 16
144 8
156 14
176 25
163 36
171 15
171 93
139 75
172 105
232 40
236 60
146 219
188 252
177 201
140 204
170 192
132 204
152 220
129 192
80 20
73 41
75 39
90 14
83 51
97 49
108 28
103 7
67 3
88 40
117 55
66 146
121 173
89 136
210 151
220 149
220 184
249 137
207 141
246 182
211 152
227 115
245 85
208 112
198 70
235 102
193 97
215 83
82 209
96 218
112 245
120 241
76 196
91 225
83 211
91 207
196 197
193 192
234 230
254 236
197 197
221 253
230 246
209 210
208 192
244 210
249 255
203 240
202 202
196 198
232 232
249 249
200 224
218 251
197 196
