# Synthetic Kronecker Graph Using RMAT
# K : 10, Sample: 2
# Number of edges: 2212
# Graph generation time (s): 0.05
68 642
1 656
74 656
84 648
164 721
82 548
129 600
202 545
32 522
144 622
0 709
66 552
7 664
97 642
82 544
17 676
148 552
10 711
32 589
4 691
67 540
36 705
188 514
72 528
132 576
130 512
96 512
10 740
154 512
120 644
69 682
128 520
20 554
18 589
64 657
108 644
72 672
36 538
96 518
89 678
2 528
6 705
0 529
68 688
13 672
2 569
8 517
0 624
0 616
145 608
73 560
141 576
4 513
148 554
28 544
4 530
58 516
161 530
5 632
0 675
160 515
230 537
18 516
236 529
161 596
64 659
16 544
128 594
2 544
22 712
4 585
129 534
1 648
176 536
160 536
176 514
28 513
3 716
5 584
144 516
157 546
192 521
1 536
74 528
36 707
18 557
32 665
17 644
180 521
32 588
130 512
176 518
144 512
24 643
16 707
36 600
214 512
65 672
66 525
66 517
68 536
128 592
22 512
1 522
16 526
104 657
142 593
16 525
72 641
17 576
4 721
44 512
169 530
10 533
0 597
48 648
8 564
0 516
204 689
34 593
113 520
60 642
76 560
1 730
92 513
42 541
144 544
132 642
45 512
124 643
64 518
65 512
66 525
176 576
2 535
84 523
9 576
80 739
141 595
128 577
24 578
20 649
0 579
64 686
2 585
133 578
49 514
2 524
66 643
4 680
217 514
138 580
0 713
10 512
133 560
74 540
144 610
64 645
34 593
97 538
23 512
88 548
50 709
80 554
1 612
59 512
196 547
128 555
100 578
4 675
85 514
41 576
88 551
5 546
137 660
145 520
0 548
33 532
72 540
157 594
68 528
2 616
131 560
162 593
99 660
248 514
18 684
153 580
136 626
128 560
51 514
84 554
8 662
116 644
64 549
169 528
65 730
130 588
64 530
6 544
8 660
226 525
150 512
18 648
3 536
112 515
161 658
133 520
80 520
194 528
26 673
16 646
78 649
18 752
25 610
37 730
8 641
26 516
195 544
18 548
144 678
2 525
212 513
5 514
33 724
144 521
136 582
40 597
97 514
84 642
72 544
64 673
136 565
18 625
59 516
196 536
2 521
0 677
160 512
160 577
26 612
40 662
65 678
74 544
22 675
8 726
16 513
2 760
34 517
0 548
54 705
24 707
10 516
77 658
2 600
16 556
96 533
32 649
4 562
1 512
32 649
192 524
2 625
8 689
136 545
147 736
32 704
58 644
13 722
0 965
193 776
2 769
3 920
140 818
10 804
76 897
131 772
0 801
109 770
18 897
130 808
66 896
77 822
228 776
9 997
130 776
6 905
224 783
61 896
1 938
49 842
44 930
24 807
7 768
5 810
0 994
83 780
2 768
23 832
80 904
131 788
76 898
32 841
64 938
147 768
14 816
65 780
2 920
68 800
128 890
197 794
202 785
1 828
4 936
102 792
200 803
96 788
198 912
129 836
48 832
48 898
18 904
21 930
32 855
36 904
72 802
42 773
24 964
104 905
168 784
141 930
200 804
18 800
4 897
33 850
20 870
80 776
67 768
0 777
4 819
3 896
8 801
4 785
73 916
208 810
233 772
43 784
212 771
100 905
160 770
193 804
0 833
17 994
100 912
128 834
32 990
146 832
72 932
161 792
91 900
29 832
244 772
6 856
69 936
144 813
137 882
2 824
33 970
56 898
168 789
96 906
0 864
202 784
161 862
0 769
96 768
18 768
96 912
67 784
10 832
22 961
70 904
5 842
195 772
168 833
151 832
176 773
144 832
168 768
120 768
128 780
52 899
98 773
0 970
6 953
37 856
0 828
88 768
200 803
14 944
45 834
4 833
144 842
3 848
68 768
1 834
16 812
51 772
138 832
19 896
192 865
1 800
36 898
40 788
4 865
42 832
40 772
0 871
194 785
84 929
17 772
33 862
2 953
192 783
88 903
192 768
82 898
16 998
0 809
80 801
16 844
64 788
64 794
2 872
8 848
18 805
327 810
272 803
298 913
393 818
328 770
19 168
28 0
9 16
36 1
32 28
128 38
121 128
4 96
1 0
27 76
5 72
0 68
2 140
128 19
216 4
16 100
81 12
40 128
128 19
16 15
64 35
0 208
144 3
16 75
118 1
118 129
2 40
0 36
2 48
128 96
128 89
72 6
40 20
4 8
16 136
0 244
0 80
26 34
67 160
141 2
200 4
18 74
16 40
0 2
32 81
144 100
9 6
132 43
0 105
33 2
0 24
0 65
6 17
64 0
130 1
25 4
2 48
41 144
32 72
41 210
52 64
72 148
2 40
4 18
67 40
44 1
46 208
147 32
4 89
50 65
6 17
157 34
86 129
0 68
76 178
0 9
64 5
56 134
64 181
0 32
152 1
21 72
17 134
132 2
129 26
1 224
168 65
45 210
51 8
32 210
225 2
104 129
2 144
213 40
96 141
0 98
24 132
4 160
45 128
64 96
74 0
138 37
4 0
148 8
96 12
136 17
112 3
2 72
1 2
24 0
32 80
56 0
225 10
168 84
83 128
32 145
9 68
0 72
128 4
2 17
9 96
137 66
104 150
6 49
28 35
6 193
128 37
149 72
144 1
10 148
48 40
52 1
116 0
12 65
32 129
28 8
33 70
10 148
124 128
204 17
198 18
8 152
97 2
163 4
19 0
64 160
67 8
68 2
176 12
74 33
5 168
96 209
0 1
252 2
140 66
138 64
65 129
76 3
80 35
28 33
13 98
194 40
0 71
161 18
20 33
1 0
70 24
134 104
67 228
0 113
8 160
208 100
0 165
97 0
1 80
192 41
192 0
172 18
32 146
0 174
76 16
140 32
64 4
133 120
65 12
100 17
136 20
128 104
16 8
12 34
192 14
116 3
99 16
96 0
0 110
130 113
9 198
80 39
129 78
81 12
135 96
1 70
106 149
18 200
72 34
98 156
100 153
32 202
33 14
112 4
122 132
193 0
80 130
3 196
69 152
144 12
72 34
88 132
196 2
6 112
112 2
8 208
129 14
147 0
3 160
2 89
230 0
132 26
64 6
0 6
24 64
25 0
218 32
0 32
64 30
0 80
18 96
33 66
4 67
3 36
1 134
134 8
85 138
18 140
17 72
0 16
80 36
142 9
170 68
16 36
136 112
1 216
28 227
136 82
192 16
66 48
4 8
160 14
0 192
32 8
48 140
80 13
163 52
67 172
6 0
41 128
106 149
4 115
0 197
0 46
66 28
67 25
109 176
5 82
104 3
101 26
208 4
4 202
216 0
202 128
2 48
105 0
0 48
8 228
12 241
248 2
160 18
74 144
4 35
68 131
10 161
92 129
0 1
194 37
4 202
16 72
16 40
16 100
104 128
40 4
168 4
104 21
100 2
138 36
12 243
138 16
2 176
128 0
98 132
81 140
140 66
36 128
203 48
164 25
78 16
139 68
0 2
2 217
1 226
3 64
96 16
8 4
220 16
249 6
207 0
1 196
166 1
96 12
37 0
155 68
192 36
178 64
97 156
148 6
104 4
22 168
128 48
2 213
33 130
192 1
89 2
6 208
2 8
67 20
40 67
150 0
40 135
166 9
128 68
0 9
200 4
16 160
69 56
128 20
206 1
129 6
147 42
24 36
79 128
152 68
184 1
34 1
35 144
131 4
4 169
16 68
112 8
7 8
145 2
163 12
9 4
20 131
160 4
124 66
192 44
69 128
160 89
5 146
0 17
72 134
8 51
32 75
64 0
50 68
98 200
78 1
83 172
57 2
48 9
9 3
18 77
8 202
97 148
3 128
140 120
128 80
72 210
1 66
168 1
32 8
128 87
4 240
27 100
57 194
44 23
128 65
0 175
14 144
59 196
8 224
7 128
107 0
2 0
97 140
128 87
51 76
131 60
136 1
128 66
0 243
3 4
0 137
4 112
74 165
132 33
97 20
51 72
2 136
24 128
144 32
32 13
1 4
433 8
368 11
350 160
386 0
320 137
390 0
258 41
321 160
256 130
257 204
256 2
260 195
274 192
306 8
414 0
324 40
297 80
264 84
456 0
288 88
272 3
435 0
385 50
322 5
331 48
290 88
480 24
256 10
290 89
384 3
258 200
300 6
321 130
400 40
387 32
288 208
285 162
258 89
401 8
439 0
290 200
270 32
258 20
272 8
460 0
288 12
460 3
265 36
256 64
338 140
289 2
268 0
332 128
329 48
301 18
288 144
314 134
320 1
336 0
274 224
330 148
399 96
258 76
262 112
404 8
448 2
402 76
264 212
465 4
387 28
357 0
288 202
292 66
344 4
266 212
257 124
417 76
256 128
268 178
289 8
448 2
432 194
264 7
264 6
368 6
473 0
336 143
289 64
428 2
396 105
304 195
282 133
384 28
347 224
288 208
276 18
300 0
392 66
290 64
386 37
294 152
272 107
258 21
264 82
369 8
265 6
256 89
294 136
320 19
257 106
336 129
386 29
392 50
260 227
384 34
256 209
322 160
386 224
272 33
288 17
470 40
256 185
264 18
256 16
256 145
288 90
336 141
278 0
324 137
328 35
288 210
378 0
388 80
305 0
304 7
256 59
256 86
417 196
306 140
386 8
291 16
372 139
256 8
493 16
283 128
298 5
404 65
260 0
385 34
272 42
504 5
456 55
256 145
417 16
257 0
278 0
405 0
308 0
481 2
388 25
292 74
284 0
273 128
258 237
256 33
386 12
336 1
289 80
256 90
288 15
288 67
272 32
269 40
257 44
281 70
449 2
257 80
364 1
362 1
256 209
273 76
278 104
266 20
274 8
418 20
441 16
305 14
304 74
280 65
265 132
291 80
256 152
480 12
417 24
320 46
279 64
258 8
264 16
256 198
480 202
331 160
321 174
404 8
304 136
410 64
288 140
400 32
472 3
320 17
274 12
288 199
328 128
280 37
357 0
257 162
293 72
266 164
272 34
401 56
276 201
457 32
256 224
384 12
288 2
454 57
360 16
261 152
298 133
356 18
265 240
341 2
420 1
300 65
258 5
489 7
330 36
291 80
282 162
388 17
257 144
392 7
291 128
262 32
296 64
448 51
256 146
292 200
265 102
290 20
404 32
275 96
271 84
390 64
344 0
267 52
274 160
294 8
261 67
314 192
290 76
484 16
256 26
291 0
260 11
264 20
336 8
326 145
450 8
355 8
517 90
560 128
517 160
513 34
657 192
572 0
517 2
512 193
644 41
529 32
596 162
514 192
744 3
587 128
756 3
648 16
705 36
582 17
648 81
576 45
528 141
664 99
520 70
548 73
640 3
652 96
560 0
682 16
514 120
592 0
676 73
518 240
610 24
521 146
514 212
512 23
513 58
528 118
513 238
641 48
514 32
545 210
520 50
516 198
530 76
657 74
655 0
672 27
514 12
513 208
528 162
515 8
534 33
524 96
522 68
528 11
516 72
552 241
515 48
586 45
514 172
518 1
618 132
585 160
578 144
580 186
578 1
705 48
516 146
672 20
672 17
517 32
643 32
521 112
704 8
565 196
613 16
521 130
513 156
546 76
656 2
549 218
576 48
616 4
576 38
550 8
518 145
516 48
641 16
658 1
522 0
533 66
697 96
642 12
512 4
519 120
624 128
512 112
662 73
561 0
652 80
517 34
512 8
512 72
672 91
567 0
534 41
648 4
512 112
549 8
648 7
513 20
576 59
570 65
656 8
745 6
516 49
528 4
531 204
640 68
680 68
652 81
549 202
665 2
592 32
571 64
690 64
624 3
519 104
512 144
512 197
640 108
665 0
728 129
518 96
585 176
588 2
561 0
544 18
564 72
593 8
514 65
584 166
515 12
520 16
640 109
688 73
528 8
531 4
660 18
554 64
529 0
512 97
514 137
568 128
512 122
524 0
600 128
662 70
512 53
674 13
528 34
567 192
658 101
666 6
547 4
715 48
648 64
528 239
512 88
684 3
512 133
615 0
528 103
528 197
546 128
520 18
512 72
520 1
512 248
516 226
532 168
526 32
680 66
696 64
666 32
545 8
547 80
576 16
512 166
649 18
592 8
546 132
661 2
536 97
708 9
556 131
592 165
576 9
520 113
522 32
593 0
517 192
610 12
584 16
544 196
640 81
722 13
576 0
704 1
657 44
641 32
566 72
580 139
512 225
642 88
568 9
681 64
721 12
512 137
515 144
648 30
531 76
534 136
534 192
592 164
713 0
644 2
666 97
552 149
512 194
568 4
592 8
514 41
518 73
549 34
588 146
521 0
532 139
576 12
648 3
640 65
647 40
522 193
651 16
649 144
678 80
585 4
641 202
552 150
641 36
514 52
580 8
682 1
577 2
649 0
515 24
512 37
657 110
648 19
570 64
577 140
549 144
512 162
516 32
740 48
522 4
707 0
552 198
592 295
528 329
674 328
583 416
652 369
516 385
513 508
547 280
605 422
728 256
521 290
538 449
521 358
563 396
512 385
608 394
680 323
653 320
512 284
571 260
519 392
548 392
690 321
546 259
561 260
529 268
527 280
530 257
515 416
738 264
519 416
512 336
708 256
513 280
706 260
581 266
520 273
648 292
533 288
520 448
514 280
640 257
640 326
590 337
632 384
543 496
640 288
529 320
610 404
544 269
593 256
518 352
528 428
517 264
649 384
600 292
551 320
528 292
515 272
512 392
577 388
648 260
512 376
589 288
512 418
513 360
642 261
653 304
528 483
529 270
544 280
549 398
524 400
640 391
649 256
536 291
556 403
554 337
544 349
547 452
593 386
590 304
592 385
514 441
518 256
545 377
521 272
728 288
512 260
644 320
546 405
512 505
737 260
579 260
558 385
548 257
517 256
708 258
609 278
724 257
532 489
546 264
645 288
558 385
514 289
515 356
512 432
686 321
525 256
576 312
756 256
656 299
516 289
514 265
582 297
646 256
640 371
640 302
550 328
544 387
564 322
512 264
529 334
530 325
617 278
656 398
522 400
526 257
647 256
644 296
578 309
708 256
516 346
609 400
641 256
512 451
552 336
689 256
574 257
737 262
596 321
564 329
764 262
713 288
580 353
512 267
676 339
540 385
553 418
614 265
648 259
546 468
580 418
549 384
641 272
538 261
624 258
644 433
672 275
530 461
615 272
577 270
526 304
514 273
512 400
528 270
533 256
257 580
267 612
321 516
393 594
292 592
256 638
353 524
320 678
342 520
327 688
419 612
321 544
282 580
263 648
296 516
274 544
416 515
256 602
384 588
401 522
258 544
392 564
290 580
276 609
359 649
256 577
258 613
386 552
336 512
312 580
458 528
361 518
277 568
465 556
336 553
384 585
452 538
280 545
384 652
258 752
358 528
288 655
258 656
260 576
388 577
272 648
441 582
266 625
321 540
456 519
265 594
482 521
272 677
492 531
424 577
264 720
376 641
276 558
273 584
263 600
466 552
256 534
510 557
266 672
400 514
259 652
320 659
450 657
320 671
257 658
328 694
300 592
307 520
331 644
264 550
273 646
258 513
376 512
344 513
296 512
262 664
346 517
325 514
365 515
265 576
454 521
272 512
299 580
373 514
489 514
362 517
292 529
450 520
426 577
336 683
481 512
392 547
312 512
394 577
329 644
317 640
294 660
450 512
261 712
290 644
328 644
320 533
268 513
290 592
338 548
296 576
458 562
420 515
290 656
256 584
274 581
256 706
256 524
385 522
329 562
322 565
274 513
256 579
300 722
441 580
332 512
384 585
259 536
296 519
356 512
257 526
273 520
481 520
384 527
268 593
395 528
257 702
328 659
321 556
328 642
275 520
273 652
411 512
260 610
284 738
324 656
258 721
264 673
257 590
405 586
282 557
257 736
388 585
299 548
336 512
280 642
274 652
264 582
270 560
256 686
258 604
280 680
402 521
264 547
263 584
404 545
256 673
120 262
224 325
81 294
69 306
65 266
28 320
197 298
53 264
133 332
16 450
77 498
0 427
160 275
28 448
32 286
21 488
17 296
128 270
32 256
73 262
192 296
20 416
129 380
42 261
65 280
99 260
130 280
180 258
16 267
144 262
64 417
130 261
128 257
41 322
145 256
160 268
166 320
18 416
37 256
3 280
32 346
71 424
25 449
56 260
10 352
101 328
76 256
4 256
70 272
146 296
160 349
136 352
16 392
32 329
12 304
0 290
48 396
73 402
16 458
4 256
153 356
1 336
1 264
10 261
16 297
17 332
73 304
66 401
48 333
192 317
65 260
82 420
116 256
144 269
168 274
82 393
66 392
128 328
178 256
2 488
147 264
138 481
16 289
129 266
81 260
34 449
12 320
0 273
16 386
82 264
214 256
36 322
161 272
64 396
72 384
129 360
230 257
16 320
226 328
51 320
136 325
10 480
176 326
138 272
21 426
169 322
16 303
98 385
14 401
80 261
70 272
36 259
96 395
64 409
16 365
2 452
32 448
0 454
16 291
16 260
18 265
72 279
132 320
33 448
80 288
22 361
134 321
153 258
88 257
247 256
36 394
68 256
0 277
50 268
32 265
8 320
84 266
38 321
35 332
24 262
16 260
164 347
10 405
145 320
101 258
208 302
65 442
31 388
173 336
0 323
132 347
114 329
8 386
8 306
136 304
0 358
123 260
8 400
2 336
64 385
24 290
165 378
0 258
225 276
132 280
37 256
80 270
64 282
0 313
145 326
97 258
4 347
19 256
87 288
9 484
163 256
32 390
42 454
13 480
137 290
15 496
89 416
24 340
9 416
5 330
49 328
139 272
133 280
192 283
134 325
8 272
10 352
0 324
8 260
28 320
8 272
0 392
97 274
32 471
156 321
19 352
241 264
17 322
101 256
82 384
160 351
134 312
8 305
128 297
41 468
66 288
66 393
24 384
33 256
140 322
4 304
192 272
6 392
2 361
1 354
137 256
0 344
76 272
17 450
132 275
228 264
48 328
128 274
16 324
16 387
59 264
176 258
96 258
68 384
32 263
136 288
2 321
0 452
231 256
28 320
88 418
100 386
16 265
0 449
66 256
152 324
144 257
144 258
129 360
1 284
40 324
2 341
48 322
160 346
88 387
3 448
160 256
32 257
32 269
1 500
11 260
224 270
144 271
32 264
89 386
85 426
32 338
29 322
132 337
608 670
581 648
521 578
512 570
515 576
738 524
705 536
576 680
516 768
548 968
515 976
624 903
512 785
832 518
832 548
939 512
786 524
800 726
960 36
906 133
809 18
781 146
784 140
896 8
848 161
769 162
768 40
872 145
880 0
770 1
970 4
810 129
773 34
800 64
879 16
804 203
772 241
946 0
937 20
842 5
824 1
769 124
768 128
818 68
808 21
768 86
780 32
770 52
998 17
792 37
896 24
812 16
812 65
801 82
770 32
905 22
981 40
904 67
768 17
835 20
784 206
872 132
930 16
916 72
778 1
769 50
805 8
772 2
905 32
768 73
770 236
841 2
786 193
900 57
774 36
818 8
866 0
786 232
956 1
790 8
808 1
897 16
770 225
850 176
930 84
808 80
772 226
863 176
896 13
795 4
849 32
801 12
852 162
849 2
786 68
768 32
1011 12
772 129
801 148
873 2
768 67
843 0
998 25
772 3
832 135
898 72
838 128
772 98
772 19
836 25
768 94
800 134
778 96
784 226
912 3
962 48
908 96
945 0
944 66
788 72
792 19
840 176
905 86
832 150
908 0
850 172
814 0
1008 13
911 96
780 243
800 76
786 12
774 168
873 0
800 36
988 32
816 158
998 25
800 29
896 33
871 133
960 56
850 160
788 178
768 129
925 32
855 160
902 0
788 96
900 10
771 8
790 56
800 157
904 64
770 20
873 4
848 161
768 30
768 102
796 40
867 144
956 2
820 128
850 136
848 140
776 117
832 186
961 52
792 5
834 0
774 144
768 199
772 98
777 0
923 4
776 0
950 64
797 32
801 128
938 72
904 183
911 32
898 8
776 227
818 0
480 410
264 262
264 288
400 364
264 402
264 482
277 418
256 264
779 337
800 404
836 266
833 394
916 266
