# Synthetic Kronecker Graph Using RMAT
# K : 11, Sample: 2
# Number of edges: 4791
# Graph generation time (s): 0.04
36 16
152 261
266 4
18 13
264 144
400 0
277 32
133 2
272 237
258 176
2 0
96 130
32 64
146 33
6 424
66 24
204 274
17 322
256 100
50 392
42 4
0 22
32 16
17 72
176 69
296 210
36 473
20 1
43 324
128 88
133 98
48 8
25 32
260 18
0 156
0 214
22 141
330 16
288 0
146 32
129 52
400 0
12 228
322 32
216 262
45 146
145 0
329 38
256 72
53 392
144 8
4 338
22 448
64 310
384 81
12 40
110 256
200 290
457 0
1 140
288 13
40 211
68 25
64 161
17 178
32 461
50 197
0 106
468 36
0 68
42 20
386 4
11 212
65 24
14 208
356 258
22 65
420 17
40 135
212 274
48 269
6 40
400 0
132 72
138 112
152 96
320 45
251 0
408 70
194 269
24 36
16 323
78 288
5 0
228 18
0 268
128 18
85 2
147 332
287 32
0 272
80 160
460 49
257 324
35 264
160 42
208 7
148 42
272 47
16 264
454 8
65 20
268 1
18 416
44 384
16 448
64 34
282 164
2 64
257 36
273 64
157 0
98 257
3 128
259 100
32 4
464 1
369 128
44 321
64 175
16 2
141 2
228 67
71 0
72 260
132 41
192 48
201 22
128 90
286 32
32 349
16 104
9 6
256 130
196 8
256 194
389 2
192 262
2 204
288 85
293 64
263 16
70 185
128 326
417 6
288 324
416 1
55 0
117 384
44 193
38 320
276 1
258 197
366 1
74 389
13 64
320 38
134 264
3 117
40 22
120 3
195 180
62 0
98 144
65 4
288 0
150 288
256 39
450 1
72 304
128 306
48 206
154 68
17 268
289 94
264 146
388 11
128 97
69 8
192 116
33 0
321 40
264 69
369 130
115 260
2 297
2 312
72 17
385 16
73 129
116 10
166 256
216 15
24 4
388 57
150 57
18 33
116 129
12 162
8 501
256 139
24 326
26 132
5 432
65 2
264 20
129 56
2 60
2 108
274 201
262 248
160 8
132 0
324 131
34 129
12 436
16 134
266 321
179 260
48 72
182 9
137 18
194 57
256 15
288 28
16 271
120 1
33 274
152 323
32 8
0 221
320 15
0 217
224 268
452 35
14 256
108 256
236 273
112 388
224 278
168 65
49 128
276 66
328 53
68 3
96 466
64 32
283 130
64 24
258 56
29 192
128 258
370 1
80 34
257 4
160 79
128 94
67 400
396 17
242 33
0 150
256 185
2 53
333 16
97 26
277 8
68 155
322 1
0 150
72 0
84 384
262 35
353 26
152 32
18 457
208 265
40 384
1 174
93 0
320 0
261 192
156 64
99 272
8 262
172 257
73 48
50 449
25 96
130 108
260 2
128 320
160 67
137 18
161 266
290 144
108 0
112 0
338 41
74 177
37 384
132 266
130 313
262 0
192 45
64 34
128 6
146 256
160 23
272 298
0 12
0 6
122 385
172 66
40 20
0 79
0 392
400 2
5 152
96 200
336 60
4 24
17 8
17 198
332 208
172 67
100 128
198 272
220 18
352 152
208 259
4 256
264 18
0 3
418 20
69 171
160 263
9 208
104 6
356 128
0 283
68 266
13 128
385 58
256 245
17 328
321 128
384 101
66 168
416 8
256 34
100 19
1 12
172 80
134 289
16 105
34 8
268 162
0 24
16 288
0 95
8 37
144 260
74 32
256 296
261 0
208 294
98 384
64 290
16 324
34 73
26 160
2 21
309 74
195 8
101 256
17 298
4 202
32 21
384 66
12 113
128 342
82 0
4 64
324 128
9 160
1 168
170 81
288 197
300 1
226 24
139 96
104 130
256 30
20 33
483 276
68 258
353 16
479 32
114 128
272 2
16 44
180 296
384 32
97 280
288 16
9 2
12 66
272 69
128 352
25 290
128 265
389 16
129 262
389 82
448 16
24 293
412 67
232 273
153 326
108 256
11 356
4 96
4 81
1 324
56 67
128 66
2 440
8 241
33 320
32 139
24 70
288 6
20 403
64 40
12 258
71 144
384 60
93 32
136 36
134 297
196 9
384 1
65 28
67 384
416 5
274 9
138 320
0 50
16 162
290 20
331 180
9 256
16 128
154 36
60 1
145 8
497 2
4 288
34 272
267 16
196 43
9 100
129 34
272 72
273 170
336 37
34 327
408 6
3 96
0 496
65 308
32 0
4 73
425 80
277 136
6 208
146 96
283 97
72 80
0 66
26 353
169 20
68 267
464 8
116 138
169 18
104 295
192 10
293 0
25 390
145 256
257 202
32 8
148 48
9 294
136 16
2 464
64 153
148 418
32 333
496 64
120 2
15 384
80 134
17 160
20 0
32 327
368 0
48 268
1 76
293 136
32 261
16 32
266 93
2 452
356 155
1 296
64 2
82 36
64 418
176 266
256 160
48 264
4 128
0 261
272 64
320 33
320 129
262 81
288 10
278 200
0 293
66 173
256 161
130 0
9 324
8 97
40 386
80 257
20 480
226 276
88 387
33 386
344 294
401 20
80 169
420 10
304 175
264 119
428 16
256 82
362 132
21 288
112 136
296 20
52 128
228 0
1 4
396 66
276 40
400 4
225 18
4 472
96 2
82 104
152 1
145 12
194 12
423 64
192 30
4 256
64 38
321 132
492 2
65 148
209 34
320 282
94 32
45 66
332 16
33 306
350 128
259 52
260 42
4 290
18 325
33 144
128 9
500 2
128 100
140 306
18 332
324 136
128 97
64 317
483 24
266 453
196 18
256 18
56 288
1 284
88 163
72 289
64 8
160 18
134 369
362 144
305 130
0 423
400 1
258 193
1 276
256 78
16 263
16 134
328 33
19 36
64 298
292 75
256 64
132 337
40 98
72 289
34 25
0 71
257 99
130 29
72 4
96 0
52 66
64 368
83 8
193 298
384 134
289 206
128 11
2 144
208 266
218 32
117 130
263 64
48 65
2 80
398 64
16 44
74 432
2 156
129 26
462 0
96 414
424 5
328 0
18 264
424 4
32 350
192 32
143 288
36 130
21 328
9 452
0 208
276 66
48 64
326 144
407 0
162 324
37 146
40 0
153 102
0 386
489 6
83 40
43 134
40 274
10 192
101 0
172 64
1 434
60 129
183 264
56 192
288 134
4 50
136 68
6 256
118 128
160 17
138 353
33 138
130 256
262 33
4 282
20 11
200 279
4 296
19 320
192 311
140 256
381 2
100 152
117 136
417 4
4 289
265 118
64 158
75 0
508 0
0 497
276 108
16 0
3 232
129 328
65 0
18 196
2 12
2 201
100 27
91 128
33 91
65 402
1 60
0 17
320 40
192 38
66 144
44 144
260 233
18 140
70 9
260 25
256 16
17 256
330 133
132 267
290 128
288 196
4 129
146 15
16 78
2 266
329 36
146 4
6 56
1 424
36 264
80 32
48 67
328 5
0 72
0 50
16 64
64 385
320 48
132 83
261 192
0 430
172 0
432 3
208 9
353 130
349 130
256 28
145 298
232 20
404 0
256 134
258 100
202 32
294 136
176 15
88 422
226 261
106 5
163 24
452 1
81 384
68 272
194 32
213 288
336 160
16 104
262 160
209 260
169 260
22 104
8 326
1 104
148 41
0 372
12 208
40 338
192 32
128 260
244 267
54 192
16 36
45 194
5 258
288 196
256 1
0 132
17 450
41 81
260 67
163 260
48 78
45 144
81 416
292 144
152 6
73 50
268 114
153 68
61 256
100 3
146 36
91 128
89 260
417 18
1 32
99 156
258 80
96 147
14 480
146 288
8 436
148 32
166 65
192 32
16 8
80 257
160 258
276 40
32 75
342 0
320 185
305 6
64 272
69 290
384 123
340 2
50 129
0 51
260 128
4 2
140 35
2 128
32 12
7 104
142 345
142 16
256 38
328 53
388 16
125 256
193 20
51 256
155 256
26 480
325 40
148 291
269 0
0 94
132 0
225 2
4 371
32 268
17 456
384 44
2 408
2 80
4 9
256 165
392 2
283 32
257 204
128 285
2 5
35 84
130 324
0 376
52 353
12 272
148 33
84 42
0 306
129 0
128 288
208 43
165 16
204 0
260 104
58 256
114 256
269 32
0 256
204 1
466 40
118 136
16 130
37 144
132 305
256 26
0 19
296 0
12 18
132 91
85 160
116 137
0 414
14 320
4 392
5 354
34 69
141 16
80 269
227 20
32 12
85 128
416 12
115 140
42 145
296 193
128 65
288 77
256 1048
0 1096
258 1200
44 1219
4 1376
128 1063
80 1060
400 1320
409 1024
35 1152
200 1029
73 1076
132 1356
404 1025
80 1156
257 1200
273 1170
1 1062
80 1056
258 1156
28 1282
1 1358
201 1024
398 1072
35 1216
197 1046
159 1312
266 1105
53 1218
40 1218
258 1100
134 1280
296 1028
345 1124
100 1410
32 1035
136 1280
2 1409
64 1024
78 1177
0 1281
196 1057
301 1042
424 1024
316 1154
132 1115
316 1088
257 1088
74 1169
321 1186
467 1064
51 1124
256 1126
324 1048
161 1036
148 1033
319 1408
294 1224
266 1089
1 1341
130 1356
9 1202
128 1031
398 1040
84 1288
128 1297
218 1280
180 1027
385 1032
390 1056
128 1093
184 1025
0 1352
143 1072
99 1476
28 1281
209 1314
65 1282
51 1024
36 1281
1 1298
33 1220
1 1488
64 1152
264 1155
303 1216
196 1337
17 1422
496 1033
386 1033
25 1056
336 1024
99 1032
265 1044
265 1024
134 1280
113 1284
128 1104
256 1155
17 1314
310 1153
0 1140
208 1287
0 1285
96 1162
454 1048
104 1152
48 1217
342 1025
16 1226
115 1032
144 1094
384 1091
20 1058
34 1113
496 1035
130 1052
74 1028
404 1024
0 1108
3 1240
384 1026
339 1060
8 1172
288 1024
128 1096
44 1360
14 1283
129 1078
326 1192
357 1160
38 1288
128 1067
208 1027
160 1093
193 1068
136 1095
288 1177
128 1134
67 1024
37 1024
84 1418
225 1024
170 1281
16 1259
128 1073
77 1024
353 1182
264 1075
162 1296
321 1156
156 1088
29 1120
258 1056
152 1127
20 1440
337 1064
16 1121
1 1042
0 1309
409 1092
396 1074
0 1178
496 1027
23 1088
387 1024
32 1488
385 1048
290 1153
192 1312
10 1044
32 1216
108 1042
1 1034
64 1181
264 1060
472 1047
16 1028
225 1306
70 1313
6 1377
368 1152
67 1408
10 1088
64 1024
34 1157
136 1137
281 1254
254 1280
9 1474
320 1039
152 1060
273 1090
500 1035
160 1356
2 1204
400 1097
144 1090
150 1128
34 1169
37 1416
28 1347
344 1026
83 1416
257 1035
137 1078
293 1208
448 1061
3 1456
290 1092
220 1282
280 1027
266 1172
16 1224
2 1297
2 1228
92 1155
260 1162
3 1108
150 1352
421 1024
4 1482
419 1032
193 1079
130 1040
256 1228
9 1044
0 1084
48 1160
3 1141
9 1280
9 1428
225 1290
320 1159
96 1294
32 1239
140 1444
88 1024
106 1300
76 1427
20 1344
175 1024
8 1062
45 1154
18 1100
6 1464
224 1088
263 1104
201 1312
64 1122
276 1184
2 1132
50 1292
272 1098
332 1426
16 1317
32 1182
1 1179
67 1184
18 1032
24 1185
128 1079
48 1034
112 1029
138 1044
192 1056
129 1280
216 1024
328 1043
193 1058
161 1106
386 1077
33 1352
291 1488
262 1192
2 1356
40 1225
85 1408
88 1378
80 1057
168 1088
12 1105
1 1504
256 1216
1 1116
96 1036
256 1049
0 1141
0 1185
6 1393
77 1024
341 1162
380 1026
0 1286
16 1024
67 1056
72 1041
172 1300
35 1232
4 1248
182 1097
416 1040
12 1488
416 1100
1 1410
96 1280
216 1317
391 1032
48 1349
1 1504
194 1080
132 1344
272 1090
24 1316
216 1281
72 1056
321 1158
25 1186
200 1062
20 1313
128 1284
266 1233
33 1280
70 1297
232 1303
152 1090
4 1169
3 1152
290 1029
0 1173
137 1122
292 1162
204 1281
35 1093
192 1336
36 1371
179 1152
256 1044
46 1025
6 1216
142 1056
1 1334
266 1201
294 1242
64 1056
132 1362
275 1152
8 1155
304 1157
0 1379
257 1082
160 1025
52 1033
260 1219
144 1121
224 1282
64 1032
257 1106
322 1072
372 1034
258 1029
32 1161
44 1424
0 1285
16 1454
25 1060
52 1024
130 1361
60 1360
196 1057
320 1186
0 1471
16 1480
10 1376
16 1133
8 1398
17 1126
17 1440
48 1098
322 1041
257 1282
6 1505
136 1122
26 1094
0 1317
400 1037
0 1220
0 1127
228 1040
0 1464
336 1281
104 1025
16 1038
256 1150
8 1168
400 1101
132 1024
37 1034
232 1028
64 1061
256 1144
64 1026
0 1292
138 1364
96 1169
147 1024
200 1280
259 1200
64 1180
72 1024
8 1223
18 1153
32 1295
300 1025
224 1289
384 1041
64 1185
165 1032
452 1130
324 1161
44 1170
378 1029
192 1282
4 1027
132 1397
99 1156
464 1058
79 1024
20 1089
209 1028
36 1481
271 1152
112 1160
0 1024
75 1156
72 1282
48 1033
288 1232
26 1185
457 1056
218 1281
0 1162
40 1152
102 1296
72 1187
346 1024
256 1105
68 1281
20 1443
178 1025
132 1370
66 1461
48 1288
320 1037
165 1050
17 1316
264 1191
119 1412
192 1308
144 1026
256 1029
339 1068
305 1102
204 1312
262 1089
283 1120
106 1024
44 1088
16 1041
10 1185
176 1033
1 1386
40 1352
64 1079
104 1297
44 1347
2 1272
256 1025
16 1384
156 1120
64 1455
56 1093
256 1182
4 1321
132 1104
19 1056
97 1044
84 1288
198 1064
85 1408
88 1382
133 1296
256 1219
165 1088
272 1220
268 1200
39 1360
203 1329
24 1088
264 1040
128 1027
80 1034
116 1411
288 1219
410 1056
4 1267
144 1348
262 1208
96 1429
256 1233
86 1056
252 1024
129 1126
20 1313
140 1088
269 1058
204 1062
120 1282
129 1320
225 1280
70 1056
12 1072
32 1200
0 1132
18 1381
64 1285
4 1418
1 1024
44 1024
0 1450
265 1030
66 1416
17 1056
116 1034
386 1037
88 1284
96 1053
28 1090
304 1152
320 1224
66 1420
324 1072
14 1152
386 1028
69 1058
77 1296
1 1295
285 1152
12 1088
152 1376
25 1056
256 1034
20 1216
3 1424
137 1060
144 1056
66 1033
8 1090
192 1343
425 1090
25 1220
16 1152
26 1089
256 1212
128 1102
160 1128
52 1409
32 1029
164 1088
142 1059
264 1136
17 1030
268 1088
0 1298
448 1043
272 1059
444 1026
9 1062
4 1219
145 1102
0 1176
34 1408
783 1168
525 1072
530 1349
512 1306
844 1330
553 1094
772 1176
528 1347
587 1156
585 1030
553 1424
900 1024
716 1312
667 1056
969 1024
564 1025
835 1060
534 1289
932 1115
641 1074
520 1283
928 1098
608 1437
576 1284
641 1034
784 1167
908 1297
896 1105
704 1312
513 1064
529 1284
688 1026
522 1412
816 1037
658 1064
900 1052
908 1024
816 1024
821 1160
800 1350
784 1056
512 1173
514 1453
532 1088
524 1091
609 1049
560 1284
514 1104
772 1192
512 1026
832 1165
646 1093
901 1096
667 1284
534 1132
737 1282
600 1157
514 1029
934 1105
708 1059
900 1224
641 1104
688 1281
514 1080
544 1284
768 1148
521 1360
517 1442
768 1154
736 1030
512 1120
549 1048
576 1036
589 1408
773 1218
676 1035
640 1280
644 1024
580 1171
522 1220
544 1498
610 1305
538 1088
546 1288
968 1024
535 1024
512 1300
585 1064
833 1088
512 1096
672 1347
768 1067
512 1086
920 1062
678 1344
672 1295
576 1316
825 1090
899 1068
784 1154
513 1164
648 1380
850 1056
787 1124
816 1224
524 1105
530 1321
641 1348
568 1412
579 1040
772 1073
520 1184
578 1080
523 1092
613 1280
521 1300
640 1310
777 1170
789 1056
546 1164
660 1383
582 1033
553 1472
902 1032
745 1030
640 1282
520 1216
540 1472
988 1057
832 1064
644 1027
768 1120
1004 1024
600 1031
792 1057
556 1490
794 1217
912 1028
544 1287
642 1280
546 1433
512 1163
644 1345
608 1412
552 1410
578 1313
712 1024
530 1389
672 1103
648 1046
896 1124
852 1024
516 1272
929 1032
515 1112
704 1029
768 1124
593 1288
816 1032
576 1318
700 1090
512 1095
512 1250
768 1325
522 1412
769 1178
530 1313
553 1302
547 1164
650 1281
525 1178
596 1280
525 1282
822 1227
580 1066
836 1153
516 1026
770 1208
596 1418
525 1346
776 1110
658 1284
544 1090
512 1283
617 1152
521 1410
514 1157
530 1504
770 1249
512 1475
514 1033
536 1158
904 1060
659 1064
982 1065
957 1024
515 1474
768 1036
512 1052
768 1105
565 1160
642 1025
629 1160
594 1028
588 1299
965 1032
514 1080
650 1028
554 1473
512 1186
620 1410
656 1317
512 1070
1014 1024
592 1190
592 1380
561 1348
584 1457
516 1136
518 1480
576 1067
644 1098
800 1237
560 1092
582 1192
516 1153
644 1050
832 1024
532 1034
553 1492
514 1152
512 1474
706 1049
802 1164
808 1105
618 1296
768 1172
527 1040
512 1024
912 1068
577 1200
513 1484
576 1043
545 1408
565 1282
643 1040
648 1026
527 1136
576 1036
912 1056
960 1080
551 1280
935 1104
552 1154
788 1154
560 1153
688 1283
674 1296
578 1064
624 1190
608 1103
785 1230
517 1096
740 1032
530 1100
517 1458
516 1272
946 1088
576 1311
586 1024
592 1414
770 1104
514 1105
528 1090
552 1476
528 1092
864 1045
548 1362
672 1043
576 1323
768 1104
643 1332
520 1090
672 1045
545 1153
544 1160
576 1155
656 1027
856 1063
512 1349
804 1160
968 1057
593 1032
678 1297
518 1088
528 1026
530 1345
774 1249
916 1024
554 1096
546 1052
776 1028
515 1376
529 1038
688 1062
808 1042
660 1280
644 1402
513 1232
805 1049
904 1123
768 1188
836 1034
512 1066
640 1393
798 1088
540 1218
516 1153
577 1328
595 1288
512 1410
516 1168
517 1082
777 1184
864 1026
514 1297
640 1120
770 1028
512 1124
518 1489
517 1168
790 1100
784 1157
784 1024
548 1043
544 1221
834 1064
521 1504
578 1061
779 1236
577 1202
707 1036
683 1024
585 1056
538 1057
583 1185
556 1345
563 1284
744 1154
697 1284
529 1282
584 1173
981 1024
896 1072
581 1024
588 1024
656 1034
782 1024
646 1296
648 1380
615 1034
592 1024
0 801
48 705
257 570
16 768
133 538
346 516
36 539
136 597
114 960
53 584
0 514
278 592
0 648
289 520
3 512
3 576
257 624
263 752
1 580
12 582
370 522
3 564
196 512
104 529
128 800
69 554
30 833
72 535
3 640
36 841
18 748
0 677
296 528
36 648
418 581
25 896
134 800
274 717
272 712
4 579
269 626
102 912
8 916
1 776
0 634
454 569
32 536
1 834
193 536
144 805
386 512
4 522
38 848
8 528
8 513
24 551
21 642
52 896
3 596
24 901
264 646
288 512
320 661
1 520
128 860
268 512
401 520
154 576
257 650
10 964
268 592
104 791
2 912
32 961
144 867
45 704
0 550
244 514
404 608
68 522
208 800
395 580
64 563
48 774
226 521
129 588
20 586
10 529
80 902
0 864
173 769
16 585
176 834
28 640
13 880
285 544
305 772
256 549
392 614
115 540
4 592
76 689
76 928
20 516
52 513
8 647
387 552
0 870
85 520
90 928
13 640
134 641
184 834
199 528
279 576
18 641
320 517
0 872
3 724
240 513
421 528
82 544
81 514
52 963
32 640
4 571
48 903
2 960
73 898
65 644
267 522
4 641
38 642
137 528
393 528
130 832
122 772
282 516
272 585
10 576
1 868
65 516
113 512
33 524
3 990
209 514
3 656
0 664
0 627
276 584
9 512
68 521
312 514
18 521
388 544
24 739
265 790
160 792
69 778
256 647
138 816
6 832
256 721
401 524
224 528
8 994
145 550
130 769
296 833
0 990
148 579
5 608
1 578
226 776
132 528
256 530
40 964
96 790
293 662
332 688
288 606
177 516
82 804
329 532
338 677
321 512
32 784
74 517
132 522
225 524
216 775
6 544
138 853
2 525
24 772
152 803
208 769
264 561
129 526
136 801
129 540
0 727
11 516
40 708
70 545
320 661
86 640
288 516
48 513
388 560
0 1006
320 673
226 784
50 716
136 561
0 834
8 645
384 587
0 578
130 549
393 560
289 642
3 520
147 512
404 768
311 649
276 739
0 541
0 661
64 551
3 880
0 914
66 773
256 520
20 803
32 847
128 581
136 516
66 940
5 576
128 609
0 834
504 516
20 512
296 576
131 884
0 596
256 708
357 523
36 640
2 548
64 788
480 536
323 556
129 592
6 617
33 534
16 651
394 544
10 513
74 528
337 644
356 594
4 577
136 880
256 585
8 867
3 672
16 962
200 576
8 982
0 921
129 588
392 530
16 869
75 640
328 576
6 593
17 580
321 532
207 530
33 840
2 520
449 554
68 899
131 612
4 871
136 980
224 516
320 670
0 624
28 643
20 770
68 801
64 571
4 952
3 654
4 968
448 546
2 864
138 868
1 772
84 673
304 583
322 640
18 833
44 770
221 546
144 775
232 528
5 552
144 577
194 544
76 545
0 580
352 650
67 528
241 526
3 920
156 546
260 744
19 576
136 611
40 515
13 776
307 644
4 714
4 528
400 620
342 640
352 513
64 815
149 512
388 616
76 914
256 602
141 816
148 513
157 528
390 625
32 584
453 622
30 897
8 772
256 592
30 513
128 868
192 564
25 736
136 772
0 547
20 619
5 520
36 772
310 520
333 640
258 516
130 624
168 640
151 512
71 520
16 577
320 525
136 836
306 584
0 850
192 547
203 768
25 928
94 896
80 521
144 577
96 644
17 678
308 642
289 580
73 548
160 804
44 577
42 529
160 584
208 781
320 521
353 524
257 592
256 584
0 658
337 672
325 640
404 514
272 681
33 552
136 832
32 789
306 516
292 640
80 934
297 528
480 523
218 512
68 640
155 516
145 520
160 588
145 524
12 722
52 706
132 512
65 570
27 614
224 983
286 608
2 672
10 608
16 645
90 517
37 520
261 696
0 756
450 532
90 932
70 536
256 704
392 580
234 772
17 804
24 806
157 544
24 769
47 528
205 544
128 514
92 544
64 953
0 996
10 592
1 628
8 832
30 640
146 772
344 526
1 530
20 553
385 612
0 649
176 834
88 806
320 552
66 688
1 640
282 580
8 530
9 884
98 904
9 640
98 897
320 552
3 592
65 768
16 526
250 769
133 794
448 553
106 657
279 640
292 656
4 513
256 649
304 582
52 640
325 640
400 519
72 800
176 517
264 644
65 690
294 530
1 523
268 705
24 548
72 898
505 644
164 640
20 681
136 723
204 562
1 650
34 772
17 518
17 558
0 704
118 512
50 524
108 914
332 544
332 546
24 807
265 576
2 681
33 904
273 580
20 904
260 736
480 529
33 648
160 518
128 848
82 773
332 563
3 528
389 514
261 706
4 936
12 592
432 650
256 601
81 546
200 787
192 549
128 860
40 640
136 528
9 550
257 700
225 784
8 647
256 589
66 558
0 737
260 723
225 768
261 720
448 512
416 531
291 656
4 579
16 867
168 836
192 522
260 515
0 853
137 528
10 657
261 664
346 768
32 658
273 512
112 907
288 533
170 580
24 992
128 546
34 656
320 526
400 622
228 584
1 692
74 896
160 528
192 784
4 544
106 769
77 640
162 605
193 548
268 545
52 577
144 783
4 676
152 581
12 531
128 768
145 618
24 807
13 1008
248 775
266 513
96 897
260 736
0 706
81 520
144 772
722 553
521 724
578 701
769 900
734 512
524 592
768 732
866 669
910 512
709 768
656 515
787 682
645 560
578 928
514 640
523 946
769 518
614 680
1025 162
1024 107
1046 352
1190 264
1377 26
1281 158
1282 193
1024 17
1280 208
1249 276
1036 195
1249 4
1184 12
1025 384
1284 64
1043 8
1293 224
1432 2
1281 51
1059 104
1168 322
1024 193
1160 0
1152 15
1044 328
1361 256
1220 267
1290 160
1300 107
1288 113
1348 2
1024 215
1093 296
1028 155
1029 306
1136 395
1372 131
1034 324
1408 2
1063 144
1088 38
1248 17
1088 132
1059 464
1092 0
1028 322
1156 27
1041 292
1348 0
1074 196
1065 6
1410 37
1424 1
1120 5
1466 1
1185 4
1188 81
1024 264
1284 131
1064 260
1040 6
1409 8
1056 268
1110 289
1384 17
1357 18
1024 81
1100 128
1156 96
1040 393
1156 66
1041 2
1188 74
1425 2
1352 35
1152 6
1059 4
1293 128
1184 258
1056 401
1024 78
1028 448
1284 2
1281 128
1322 16
1456 194
1466 64
1024 156
1034 97
1096 442
1042 201
1036 114
1032 19
1029 290
1024 26
1168 4
1450 80
1186 16
1350 1
1036 257
1377 152
1026 120
1028 298
1052 416
1281 84
1056 10
1356 17
1026 300
1052 289
1480 0
1027 48
1283 236
1081 0
1350 128
1106 105
1024 166
1437 10
1026 205
1250 261
1064 3
1198 1
1043 74
1415 80
1288 17
1033 262
1043 224
1408 9
1529 6
1307 33
1228 256
1142 0
1101 146
1050 482
1072 256
1328 1
1498 256
1152 15
1040 322
1248 21
1409 56
1036 17
1036 50
1091 144
1224 18
1295 128
1180 65
1448 1
1294 16
1097 0
1216 1
1162 273
1065 68
1038 128
1033 292
1444 257
1168 1
1066 17
1282 204
1030 177
1039 352
1184 8
1024 364
1520 9
1411 56
1144 1
1091 393
1064 320
1166 256
1282 97
1042 97
1132 19
1185 84
1196 321
1384 2
1350 1
1088 418
1058 88
1163 1
1152 91
1121 0
1024 221
1044 298
1188 2
1024 322
1441 64
1168 32
1028 128
1072 72
1196 17
1324 64
1032 37
1168 339
1281 107
1025 369
1152 6
1293 194
1153 20
1233 256
1156 3
1281 100
1033 116
1204 258
1051 460
1026 352
1028 192
1292 194
1457 66
1056 27
1024 467
1253 266
1156 1
1281 92
1376 128
1408 24
1093 290
1056 280
1025 396
1316 83
1410 45
1360 6
1534 0
1290 68
1438 96
1105 44
1061 272
1482 4
1246 256
1170 256
1028 257
1084 0
1221 296
1036 113
1041 0
1209 2
1047 200
1042 396
1024 201
1072 2
1030 72
1044 267
1248 4
1057 64
1041 10
1438 65
1056 148
1472 40
1124 257
1031 328
1026 229
1040 294
1295 16
1066 273
1028 75
1186 264
1424 9
1288 71
1042 64
1344 42
1042 200
1285 192
1153 54
1266 0
1202 328
1024 177
1056 95
1093 32
1299 132
1330 449
1096 34
1049 324
1280 101
1354 130
1368 163
1032 163
1490 137
1024 274
1464 64
1312 130
1152 110
1294 32
1090 288
1300 8
1281 24
1029 72
1024 408
1040 229
1280 4
1104 267
1033 64
1424 10
1187 328
1312 4
1160 80
1186 340
1288 103
1432 0
1168 106
1092 313
1036 322
1112 292
1028 305
1152 83
1294 144
1040 5
1298 12
1345 140
1473 170
1048 420
1347 136
1185 387
1168 11
1067 260
1040 224
1060 321
1110 36
1216 420
1025 144
1172 259
1352 33
1067 80
1216 44
1349 48
1040 136
1076 1
1056 394
1225 258
1092 48
1161 102
1028 214
1031 64
1144 322
1068 384
1281 120
1219 284
1216 292
1033 2
1297 162
1026 40
1290 1
1456 8
1174 296
1460 2
1527 8
1028 216
1040 288
1484 48
1088 268
1116 2
1212 17
1120 284
1072 271
1026 384
1326 16
1288 16
1408 72
1028 425
1504 24
1048 385
1039 160
1163 272
1208 322
1280 13
1392 15
1424 76
1092 136
1296 12
1095 128
1152 276
1414 0
1184 24
1159 304
1290 33
1280 192
1384 6
1080 260
1236 256
1026 369
1410 77
1091 384
1058 384
1160 368
1153 184
1296 14
1184 2
1440 21
1194 3
1444 0
1117 128
1041 34
1024 92
1088 390
1026 221
1280 64
1024 172
1032 448
1319 8
1442 24
1024 9
1026 405
1088 38
1354 176
1120 135
1044 173
1296 96
1416 2
1480 48
1296 67
1024 51
1076 202
1489 2
1026 89
1046 8
1282 140
1352 166
1024 165
1097 256
1088 48
1031 224
1418 16
1316 16
1391 128
1137 14
1408 85
1024 267
1346 169
1026 144
1289 20
1066 81
1226 292
1040 130
1024 426
1324 16
1248 286
1281 0
1032 325
1052 288
1302 193
1092 424
1440 16
1501 258
1495 0
1360 44
1160 0
1024 333
1218 0
1170 32
1400 3
1360 32
1088 31
1280 172
1409 78
1342 193
1029 256
1090 272
1028 9
1289 48
1290 17
1031 56
1409 40
1306 33
1093 10
1248 286
1065 448
1037 288
1132 0
1280 36
1024 12
1252 273
1218 32
1097 16
1024 48
1027 352
1482 19
1025 436
1024 337
1024 265
1346 44
1056 132
1032 272
1488 12
1354 128
1042 233
1272 6
1037 338
1031 128
1233 0
1380 19
1474 4
1104 1
1073 0
1144 5
1226 37
1101 32
1028 467
1059 332
1349 168
1060 17
1184 259
1304 140
1297 4
1320 192
1049 160
1028 59
1328 196
1028 328
1520 4
1178 352
1312 137
1313 4
1029 360
1248 2
1323 198
1075 0
1025 296
1482 0
1100 17
1088 296
1217 38
1296 4
1297 42
1028 280
1496 3
1028 8
1028 392
1125 2
1320 7
1216 35
1024 180
1036 258
1042 128
1027 100
1024 86
1024 258
1416 354
1056 194
1416 32
1024 430
1024 106
1284 26
1027 156
1090 404
1280 88
1056 133
1473 14
1113 20
1076 330
1248 19
1036 386
1040 386
1056 28
1090 456
1054 323
1040 326
1160 32
1264 0
1344 16
1027 168
1056 22
1216 299
1059 208
1056 279
1024 1
1480 18
1506 13
1304 240
1030 160
1155 304
1042 65
1362 233
1030 128
1293 1
1062 192
1302 136
1031 104
1121 144
1024 362
1137 0
1289 68
1376 7
1028 320
1128 192
1374 33
1698 553
1543 696
1732 515
1612 560
1664 874
1536 517
1761 797
1603 948
1888 512
1864 516
1696 582
0 1638
33 1692
8 1637
416 1546
257 1536
150 1633
105 1808
49 1740
184 1601
194 1549
24 1856
5 1953
23 1792
1 1836
40 1588
184 1543
1 1768
9 1732
268 1666
388 1608
276 1536
4 1960
160 1605
40 1731
87 1584
102 1544
400 1570
74 1701
176 1537
321 1676
98 1920
275 1536
145 1568
23 1896
2 1863
422 1624
139 1568
272 1838
148 1633
26 2020
384 1600
130 1888
73 1542
35 1608
161 1800
281 1536
8 1826
138 1616
74 1537
131 1828
49 1728
450 1552
292 1554
155 1604
32 1550
4 2040
41 1728
128 1640
273 1696
463 1560
258 1680
220 1794
0 1943
213 1802
146 1800
48 1801
168 1792
198 1800
77 1792
64 1664
65 1666
35 1672
26 1988
271 1560
2 1537
54 1729
137 1604
156 1568
37 1938
116 1544
160 1604
257 1614
362 1537
256 1537
384 1632
0 1828
144 1576
334 1696
86 1544
128 1555
2 1644
144 1544
170 1796
256 1769
0 1801
8 1552
137 1536
224 1564
446 1600
2 1816
268 1633
109 1554
368 1803
179 1804
73 1792
176 1581
2 1672
320 1541
32 1540
18 1873
133 1864
368 1536
84 1664
148 1761
70 1585
20 1835
9 1860
28 1955
56 1541
17 1670
289 1540
74 1700
264 1622
18 1801
1 1700
20 1888
17 1614
314 1728
8 1686
106 1553
140 1859
81 1668
6 1744
292 1600
459 1568
195 1568
88 1793
24 1730
32 1563
448 1554
36 1634
72 1847
33 1602
257 1540
144 1796
276 1545
302 1553
0 1976
128 1582
209 1547
464 1542
305 1668
168 1621
97 1936
160 1884
141 1538
130 1945
56 1537
18 2020
0 1632
408 1568
106 1921
0 1700
174 1616
289 1604
163 1896
264 1761
7 1576
283 1569
9 1552
133 1648
33 1564
0 1893
171 1860
0 1945
84 1571
2 1825
5 1792
92 1825
9 1984
34 1564
4 1609
453 1560
80 1952
18 1928
384 1625
130 1633
172 1619
306 1548
208 1826
271 1760
5 1666
68 1928
466 1536
40 1744
48 1562
256 1600
188 1792
28 1601
336 1600
289 1604
9 1670
322 1713
8 1571
292 1734
32 1936
29 1632
0 1538
195 1536
36 1608
256 1668
97 1556
10 1797
0 1537
65 1536
35 1556
19 1824
2 1817
263 1728
168 1557
256 1592
320 1568
9 1570
384 1611
0 1557
8 1712
263 1568
130 1889
4 1923
138 1832
32 1605
298 1548
1 1906
288 1606
4 1619
64 1537
64 1828
52 1672
6 1665
56 1552
300 1600
130 2033
89 1604
213 1642
81 1800
11 1536
264 1604
64 1673
338 1672
384 1568
4 1938
64 1923
135 1560
131 1888
260 1568
14 1890
9 1954
268 1664
144 1612
0 1672
128 1812
141 1824
276 1640
181 1610
195 1580
288 1729
0 1957
320 1792
153 1568
304 1603
108 1536
72 1792
36 1794
73 1558
286 1760
80 1579
28 1632
23 1930
98 1561
0 1641
80 1536
292 1664
256 1619
52 1931
266 1728
181 1792
28 1762
0 1711
464 1550
56 1794
18 1601
346 1632
200 1842
128 1557
6 1968
66 1558
68 1960
68 1977
128 1867
64 1668
96 1554
180 1608
74 1537
34 1565
32 1616
370 1536
239 1536
64 1828
308 1537
2 1604
193 1594
185 1860
49 1858
140 1792
66 1792
15 1808
32 1557
4 1545
184 1602
234 1792
289 1560
0 1800
66 1576
136 1558
65 1968
219 1792
100 1792
33 1602
71 1680
99 1540
0 1547
196 1554
160 1801
2 1641
304 1601
140 1608
208 1644
34 1856
17 2016
290 1604
273 1608
0 1875
256 1568
160 1798
29 1952
41 1536
346 1569
64 1542
14 1697
12 1936
273 1544
256 1738
1 1673
286 1536
256 1584
72 1558
14 1664
325 1545
307 1544
66 1925
128 1799
417 1560
512 1576
744 1823
895 1536
704 1833
564 1611
987 1536
995 1548
784 1600
662 1600
528 2031
521 1632
546 137
716 1
520 308
544 279
528 41
794 68
553 466
780 0
513 192
546 281
656 256
519 288
832 45
774 0
771 240
620 16
776 16
824 1
538 192
768 449
896 13
538 417
536 289
769 6
793 6
640 339
758 16
576 268
512 79
937 70
568 103
833 128
800 0
720 6
546 5
907 0
578 265
532 3
650 32
513 260
592 34
516 56
529 298
948 8
705 36
1016 5
785 14
580 392
705 38
704 57
522 257
728 299
768 208
546 93
520 0
960 45
534 425
934 72
514 20
769 64
740 10
806 81
541 64
680 82
648 66
600 391
540 67
745 275
552 272
608 0
816 1
692 8
529 384
832 136
674 325
660 96
632 129
515 148
568 326
512 96
785 168
548 26
533 322
584 426
682 64
530 40
512 100
933 66
600 416
898 117
524 33
998 4
705 306
562 69
816 141
643 324
672 24
512 356
705 268
812 2
538 256
576 389
656 1
514 369
848 6
632 21
533 34
791 264
528 40
912 38
674 1
1012 2
808 1
839 136
512 154
544 267
561 320
688 74
518 128
768 8
656 32
524 18
776 4
522 5
552 80
529 0
652 0
529 38
546 205
808 135
929 4
985 2
644 0
776 198
920 99
657 74
930 96
642 73
800 65
560 192
580 178
850 168
832 130
912 34
608 268
544 281
768 144
608 136
1011 8
832 32
640 8
527 304
516 1
520 403
690 1
538 96
917 10
514 69
644 0
776 199
914 101
548 17
530 1
556 273
560 4
561 258
552 389
612 387
742 25
632 258
688 320
771 48
578 133
592 4
736 260
744 273
562 4
807 8
517 280
776 164
512 134
515 144
544 12
804 27
679 264
524 321
522 22
785 46
585 160
536 167
557 209
704 42
580 8
738 0
817 4
521 16
576 133
784 41
900 0
1003 0
577 0
531 136
598 16
672 401
640 295
874 0
537 35
800 8
528 237
546 4
603 160
680 23
522 268
558 128
516 9
809 68
712 278
698 5
516 18
643 4
624 6
832 50
540 258
552 64
832 161
560 196
521 52
657 356
517 3
646 112
512 139
531 168
680 7
600 257
1001 16
778 69
513 182
774 136
650 260
532 491
788 235
529 322
584 65
850 165
520 195
672 320
673 70
528 10
619 4
769 96
517 320
598 265
596 11
596 9
568 325
920 37
538 256
608 264
800 67
833 40
620 2
744 6
576 133
833 168
792 130
662 259
513 156
515 312
544 152
1010 12
522 0
641 28
513 10
928 65
710 129
553 20
514 149
840 3
558 81
792 36
585 276
797 2
800 7
648 341
608 16
512 128
724 32
717 288
672 87
705 278
576 296
656 18
710 9
960 3
717 0
862 128
630 3
664 2
597 264
640 17
530 109
896 22
608 406
784 37
548 257
572 323
576 402
611 4
768 36
896 69
612 139
964 32
770 88
596 128
558 256
867 128
704 294
577 446
823 120
525 242
554 320
512 211
606 128
704 258
649 0
536 7
948 2
834 8
514 80
523 6
946 68
544 1
546 1
742 0
642 344
780 161
832 137
548 266
545 18
705 24
549 450
544 75
705 288
512 80
516 325
661 0
644 323
708 32
600 256
528 388
660 32
524 449
902 73
558 0
552 130
643 104
521 128
526 32
640 28
850 8
613 400
858 0
576 188
524 203
652 18
526 64
905 54
610 261
516 291
728 256
716 272
865 150
520 151
772 26
521 260
520 384
663 64
592 9
562 8
657 132
617 256
586 432
772 18
864 3
533 100
532 75
640 49
729 32
521 112
520 385
634 129
823 200
576 6
938 1
528 100
579 128
708 282
576 8
516 147
513 392
520 112
529 364
720 18
903 88
784 195
928 64
528 390
816 5
640 300
670 352
532 0
563 200
528 384
549 384
513 32
640 7
576 259
645 24
512 131
538 64
676 385
880 12
772 99
929 96
808 209
657 106
656 33
866 29
913 36
634 257
768 176
520 290
519 272
530 204
549 138
768 33
704 40
572 449
514 448
517 394
673 16
641 0
544 450
786 171
640 72
516 130
848 42
562 9
582 24
544 386
784 136
580 184
837 50
538 65
802 457
746 273
513 51
532 64
530 128
609 16
515 296
612 259
608 2
580 50
584 256
829 0
913 4
640 377
582 284
717 0
547 4
524 244
528 3
676 256
515 52
578 161
875 128
513 176
546 76
538 320
837 16
547 12
524 226
769 16
579 160
520 464
896 99
515 126
928 9
520 86
640 3
915 260
1000 1
561 384
740 256
785 142
527 416
514 465
600 0
548 83
649 16
624 29
800 76
512 299
594 161
781 144
600 5
608 393
524 464
514 257
512 448
518 24
561 384
521 69
928 80
536 389
562 136
589 18
550 80
776 151
928 82
841 50
519 249
792 196
778 129
583 169
544 348
531 76
536 391
777 194
645 64
768 40
577 182
893 130
772 48
934 80
705 306
520 263
780 7
617 260
573 130
801 214
818 196
640 113
832 15
672 0
513 144
962 25
866 21
929 82
513 0
704 46
544 64
768 226
773 138
816 77
578 261
545 130
528 32
581 0
554 12
560 15
512 46
512 3
585 2
512 48
512 246
640 351
579 272
840 55
948 0
676 75
516 299
537 324
545 132
771 32
705 274
544 24
520 20
551 128
802 64
996 16
1412 1104
1033 1122
1376 1175
1332 1088
1284 1066
1092 1203
1098 1205
1024 1327
1281 1036
1162 1056
1056 1465
1299 1160
1220 1288
1040 1027
1408 1125
1321 1040
1060 1033
1280 1173
1290 1552
1188 1602
1038 1601
1416 1569
1027 1672
1284 1576
1092 1554
1356 1538
1113 1926
1082 1664
1298 1548
1157 770
1088 653
1089 820
1280 666
1104 771
1026 661
1082 704
1032 804
1426 520
1424 708
1304 547
1098 545
1096 516
1176 802
1152 770
1289 642
1175 576
1026 801
1453 528
1408 545
1344 523
1312 520
1185 594
1137 768
1114 896
1048 896
1328 649
1059 960
1161 822
1030 521
1286 648
1064 768
1088 747
1160 774
1034 513
1424 612
1024 733
1024 656
1216 772
1049 528
1106 677
1427 518
1030 705
1066 772
1120 793
1026 936
1224 546
1326 576
1318 640
1178 512
1409 626
1104 642
1025 520
1421 560
1160 596
1037 706
1024 851
1090 516
1112 769
1098 833
1158 776
1428 585
1381 658
1040 899
1032 966
1064 855
1116 786
1099 544
1472 819
1416 546
1128 787
1282 705
1080 580
1168 779
1056 656
1057 536
1284 708
1336 528
1113 640
1079 896
1050 576
1025 646
1154 545
1050 832
1089 778
1180 768
1032 608
1056 841
1296 545
1030 512
1024 887
1432 516
1024 640
1413 544
1097 660
1280 739
1284 595
1046 513
1304 515
1044 707
1132 514
1425 610
1045 778
1037 688
1354 668
1283 688
1041 938
1063 720
1032 630
1080 896
1026 529
1026 620
1088 649
1354 672
1088 512
1400 513
1090 668
1281 760
1092 768
1286 656
1114 512
1097 544
1044 802
1024 581
1057 586
1024 819
1444 537
1040 805
1282 684
1093 538
1410 520
1177 550
1172 768
1160 772
1351 512
1443 596
1281 706
1024 851
1218 813
1043 1000
1449 514
1432 518
1157 576
1095 544
1216 768
1027 868
1057 908
1038 513
1128 512
1040 1001
1092 554
1218 532
1025 678
1228 784
1370 517
1152 536
1099 820
1089 794
1056 531
1224 901
1345 514
1036 545
1045 576
1288 576
1290 528
1165 772
1156 524
1284 971
1025 618
1120 514
1248 784
1046 936
1034 516
1032 770
1222 792
1061 704
1168 622
1522 516
1028 768
1298 612
1413 512
1348 641
1228 537
1090 932
1214 576
1043 560
1066 640
1186 768
1348 683
1374 640
1456 515
1372 545
1045 546
1026 817
1477 522
1024 604
1049 550
1034 657
1026 529
1218 524
1085 512
1088 547
1248 512
1066 769
1382 529
1146 769
1026 812
1046 544
1153 592
1029 776
1257 768
1300 520
1311 608
1228 528
1024 724
1093 792
1024 1008
1171 832
1165 850
1353 534
1128 512
1173 802
1173 576
1025 522
1428 544
1424 610
1128 516
1026 616
1261 784
1297 544
1312 662
1099 900
1041 548
1110 809
1027 556
1056 975
1045 994
1057 516
1194 532
1024 736
1034 645
1072 515
1160 518
1201 836
1033 608
1024 921
1068 641
1032 788
1048 931
1408 514
1488 686
1154 585
1288 582
1318 681
1186 848
1062 649
1281 560
1121 922
1109 898
1052 523
1408 542
1088 574
1059 720
1122 769
1109 522
1041 546
1345 538
1025 928
1026 636
1416 532
1120 523
1264 774
1088 668
1032 800
1164 530
1040 584
1074 520
1024 780
1056 709
1028 514
1060 578
1036 768
1448 530
1049 516
1041 672
1322 640
1410 528
1344 646
1039 688
1026 768
1156 617
1168 519
1088 647
1034 512
1160 608
1024 567
1240 779
1024 785
1289 548
1088 732
1292 672
1072 711
1346 568
1157 536
1088 824
1173 552
1032 674
1317 578
1176 515
1040 737
1044 513
1098 912
1061 728
1168 580
1024 524
1047 577
1024 544
1035 644
1044 897
1208 576
1219 556
1065 528
1094 673
1160 832
1026 512
1200 516
1070 512
1152 602
1472 549
1027 912
1208 515
1472 552
1074 649
1072 715
1160 592
1144 516
1024 881
1130 516
1221 528
1170 772
1448 577
1156 843
1056 648
1153 770
1280 660
1029 600
1036 578
1192 533
1232 843
1408 524
1056 773
1033 820
1037 992
1332 651
1281 616
1408 515
1026 768
1048 518
1030 800
1032 624
1032 528
1029 706
1923 1044
1703 1344
1616 1039
1608 1316
1585 1026
1672 1043
1576 1489
1553 1315
1576 1041
1672 1095
1560 1280
1549 34
1536 34
1612 289
1920 36
1600 410
1570 8
1640 272
1664 80
1605 400
1682 365
1892 2
1553 66
1674 68
1538 480
1570 17
1799 4
1536 18
1653 0
1796 0
1785 256
1536 306
1934 16
1545 164
1674 4
1594 64
1952 73
1640 20
1825 29
1568 2
1809 104
1538 456
1575 24
1538 52
1664 292
1570 0
1792 23
1536 80
1536 179
1666 261
1569 72
2004 8
1688 68
1568 448
1594 128
1937 8
1617 172
1554 416
1536 374
1865 234
1576 214
1984 4
1978 73
1610 273
1892 18
1600 172
1738 257
1536 41
1549 146
1554 320
1640 0
1680 99
1560 16
1804 162
1890 6
1546 385
1624 37
1571 136
1730 280
1552 288
1538 5
2002 32
1576 449
1600 21
1568 8
1648 136
1765 0
1536 64
1544 208
1555 204
1600 8
1933 82
1576 222
1675 276
1540 186
1576 324
1600 146
1585 384
1592 320
1809 70
1776 13
1922 57
1616 36
1553 238
1540 464
1853 2
1601 403
1793 64
1552 162
1826 16
1574 8
1810 36
1564 258
1672 262
1572 0
1808 134
1664 21
2044 3
1538 1
1696 271
1536 266
1587 256
1555 420
1605 40
1836 0
1543 120
1552 39
1636 264
1796 160
1540 146
1990 33
1988 288
1714 1
1809 44
1612 160
1952 134
1824 9
1536 57
1562 385
1705 36
1793 190
1728 2
1590 265
1553 384
1856 130
1592 326
1618 404
1602 33
1549 354
1536 84
1572 152
1556 34
1961 2
1544 102
1886 32
1652 129
1810 164
1710 0
1859 24
1664 192
1664 8
1648 6
1560 288
1793 108
1697 6
1544 292
1813 138
1792 96
1750 361
1672 342
1612 16
1556 138
1608 20
1738 20
1627 256
1544 325
1800 116
1542 8
1551 48
1674 292
1580 256
1549 352
1611 0
1808 69
1637 10
1545 212
1566 161
1705 322
1630 17
1888 5
1650 137
1834 17
1740 3
1800 163
1661 128
1634 136
1542 72
1537 18
1548 339
1716 258
1552 394
1637 26
1636 410
1622 8
1634 4
1924 16
1576 19
1600 279
1694 64
1553 38
1609 404
1537 324
1637 256
1794 49
1992 32
1681 7
1873 162
1554 172
1874 4
1921 16
1600 320
1586 36
1602 36
1544 419
1536 116
1732 48
1587 256
1867 4
1888 24
1568 351
1536 430
1728 0
1571 192
1571 320
1894 8
1817 132
1857 418
1568 272
1793 76
1610 145
1795 224
1673 36
1541 88
1540 129
1590 0
1539 28
1984 59
1712 65
1648 390
1584 66
1556 192
1633 210
1798 33
1639 128
1568 334
1832 144
1960 22
1817 36
1650 137
1809 32
1628 289
1580 401
1592 385
1840 138
1800 1
1548 417
1538 60
1568 257
1923 16
1824 9
1615 48
1570 260
1612 18
1538 89
1552 133
1538 232
1872 9
1548 0
1675 292
1540 195
1730 273
1570 384
1940 0
1712 69
1664 61
1585 290
1644 259
1969 72
1536 15
1811 36
1688 18
1537 276
1558 169
1592 270
1536 261
1696 2
1824 89
1634 128
1603 8
1920 120
1800 3
1675 20
1677 82
1796 2
1930 33
1604 290
1689 34
1584 3
1552 424
1537 20
1539 188
1561 290
1552 1
1728 144
1736 20
1581 134
1921 10
1812 424
1809 74
1536 155
1793 14
1584 193
1544 387
1921 18
1569 154
1539 56
1548 259
1536 85
1848 133
1792 9
1634 344
1586 72
1664 351
1577 278
1798 16
1842 6
1557 204
1608 258
1922 17
1602 17
1697 64
1552 0
1542 96
1542 360
1578 260
1537 288
1793 24
1577 66
1620 131
1585 256
1792 29
1640 260
1538 8
1824 0
1636 2
1856 34
1538 5
1956 16
1812 74
1672 290
1536 397
1570 5
1552 268
1553 10
1536 263
1828 66
1809 130
1542 128
1681 0
1609 34
1642 0
1544 326
2001 20
