# Synthetic Kronecker Graph Using RMAT
# K : 12, Sample: 2
# Number of edges: 10365
# Graph generation time (s): 0.03
640 293
514 160
10 16
725 256
473 50
4 530
405 32
119 256
9 454
96 777
789 64
650 48
49 204
25 32
37 168
2 64
8 6
65 546
292 712
53 64
64 28
773 48
129 100
385 96
259 916
516 25
548 336
546 93
138 769
896 13
8 116
6 224
418 132
340 128
273 14
394 16
72 148
531 384
3 32
161 4
18 321
14 288
302 528
469 512
18 424
16 705
31 288
96 640
391 32
5 808
224 24
20 75
80 525
35 132
776 130
7 456
1 228
9 132
826 0
396 17
257 168
9 628
70 672
328 16
649 36
648 103
673 280
10 146
256 84
240 14
113 520
836 33
336 641
272 67
17 192
587 0
132 54
72 772
96 413
20 640
100 10
248 2
848 1
130 257
392 87
514 41
377 4
20 227
320 152
704 29
176 1
29 2
72 52
2 37
64 4
746 0
320 569
523 192
20 200
164 281
676 11
537 68
512 97
2 420
525 304
80 645
1 264
4 227
192 536
141 784
537 320
8 310
220 288
772 72
4 808
262 528
180 513
0 400
192 561
1 116
768 35
76 899
257 624
714 288
558 64
8 81
780 1
324 192
4 568
904 193
328 38
388 600
65 782
2 880
41 452
592 296
274 769
37 272
96 402
66 49
21 994
146 772
416 19
835 184
208 8
8 593
162 0
512 116
0 262
816 8
770 133
20 554
256 197
640 354
68 1
3 64
1 2
98 404
48 589
356 512
82 545
18 553
256 146
36 136
44 384
64 933
16 296
40 662
32 65
12 322
196 913
459 516
20 617
526 32
86 641
529 364
648 338
120 134
3 744
642 276
0 770
180 3
228 776
249 0
584 22
130 17
640 259
432 604
132 84
522 385
128 576
594 265
32 7
580 8
321 0
130 104
96 776
15 800
453 0
36 768
603 128
450 21
338 645
2 536
587 48
104 663
1 332
324 128
37 520
120 262
129 770
608 654
9 724
65 8
788 40
291 704
23 42
256 17
264 18
33 412
102 264
292 707
808 67
72 260
14 320
538 65
2 132
328 54
774 104
146 305
204 528
547 80
228 282
514 5
36 576
68 51
0 113
66 681
388 48
326 24
785 72
657 290
260 171
597 136
21 8
56 129
118 520
195 24
256 24
522 32
258 192
194 525
44 513
520 48
21 480
3 64
656 292
13 224
17 42
66 0
84 257
516 504
136 16
130 545
160 2
76 560
79 144
256 217
141 66
1 64
608 4
20 168
64 48
640 359
288 208
288 531
259 128
12 450
430 64
528 298
832 523
422 584
108 528
218 545
2 136
161 270
28 513
130 841
411 768
538 388
672 333
498 0
802 20
532 203
706 36
56 260
4 1
536 292
72 4
56 4
385 8
795 0
145 8
355 8
528 480
296 7
126 512
577 24
129 0
660 66
548 2
96 546
305 72
336 581
193 776
83 832
327 128
0 720
772 18
32 902
656 258
265 705
356 513
356 32
26 161
482 529
6 561
20 520
640 82
520 3
40 19
8 625
778 4
514 180
200 19
329 162
149 512
1 170
27 800
258 5
16 684
577 62
288 84
572 1
484 9
512 205
772 139
67 513
792 102
272 10
297 144
643 296
336 520
87 0
297 72
8 834
0 512
281 192
32 2
2 36
198 529
128 258
14 641
450 0
258 696
301 528
35 68
136 115
0 264
536 66
281 514
156 259
17 136
596 3
16 41
4 144
34 521
131 804
369 8
179 72
72 820
144 7
30 289
512 113
802 204
28 289
0 75
521 256
669 192
208 10
747 768
516 265
63 192
890 128
406 41
0 318
22 521
144 3
5 32
680 7
16 740
528 238
672 74
72 400
147 356
81 522
64 43
3 896
285 674
800 104
34 541
640 192
88 393
33 842
384 25
320 138
0 286
322 40
688 267
10 980
16 5
160 519
40 81
20 64
192 308
271 192
256 63
14 432
193 778
226 256
4 610
801 76
160 796
128 258
776 104
38 408
34 328
549 24
4 360
2 656
132 277
97 12
81 800
22 329
193 772
587 256
288 88
514 160
548 9
0 638
47 16
32 154
34 0
267 516
20 227
32 18
708 307
116 2
570 1
806 1
304 645
94 32
422 64
384 584
322 224
316 0
24 423
120 4
280 2
812 145
0 518
136 2
136 869
398 32
3 528
281 582
262 129
322 512
578 385
794 208
355 1
71 48
65 768
325 160
716 16
18 12
64 10
642 90
104 8
776 145
162 528
64 776
10 53
160 586
1 8
378 644
515 468
648 98
265 52
0 82
7 640
8 965
550 152
722 32
523 244
544 136
4 642
273 96
546 0
48 324
992 12
650 68
48 584
65 538
64 13
288 9
544 147
0 483
910 353
69 40
0 9
336 652
192 34
778 113
134 313
736 273
165 842
256 1
16 197
298 641
514 461
774 9
16 306
416 19
193 520
330 129
1 78
512 400
2 388
133 768
897 518
520 262
168 258
329 148
629 2
331 32
685 466
337 526
133 72
914 72
290 521
760 4
278 297
0 720
304 76
696 73
148 544
512 340
16 426
322 161
578 293
24 131
162 8
67 152
546 8
16 512
142 560
513 260
320 144
578 9
34 309
1 20
1 704
352 534
38 768
768 81
144 330
769 162
389 0
517 872
256 72
8 144
576 1
32 9
704 6
524 288
556 835
825 134
657 98
176 512
289 8
420 11
143 257
192 289
101 512
529 482
28 898
835 0
0 704
513 836
1 694
260 9
112 2
512 34
12 66
2 992
776 84
370 516
3 612
137 112
128 29
263 648
144 37
136 834
785 226
768 608
32 674
102 768
32 957
288 6
210 553
14 657
772 33
11 36
256 241
141 67
548 274
1 296
27 548
70 520
202 272
149 96
338 129
0 907
209 296
356 3
119 640
64 261
12 66
648 257
64 22
786 136
5 984
454 552
518 137
385 596
311 72
843 144
148 256
0 950
521 82
100 256
42 645
4 521
83 256
256 65
4 129
0 669
328 693
0 177
128 822
1 34
24 1
96 539
81 8
436 0
148 1
512 84
320 16
3 556
2 528
577 440
540 64
348 512
8 144
44 464
832 186
456 3
1 226
323 32
258 68
2 40
155 516
257 712
334 0
90 451
384 530
512 324
6 488
2 272
260 560
116 8
100 650
32 896
128 329
3 784
21 162
69 548
8 96
256 72
2 44
32 8
45 34
448 22
544 128
11 276
641 260
52 395
5 136
0 299
12 34
522 132
40 528
176 838
520 291
842 0
0 182
514 8
778 737
663 41
264 237
262 145
145 534
0 876
538 1
129 795
47 272
260 584
9 660
276 520
334 384
37 970
22 288
3 672
0 210
224 263
192 289
144 48
90 388
72 914
512 10
64 144
138 372
788 34
420 526
768 47
128 322
514 12
363 144
256 193
0 490
170 576
164 786
258 544
256 52
106 917
129 4
0 145
385 40
75 256
417 544
49 646
400 520
65 14
0 158
96 402
192 16
880 166
912 104
72 562
278 0
377 128
740 9
2 544
148 585
209 520
75 36
0 140
96 646
388 547
228 777
320 50
64 403
34 272
808 2
539 256
264 20
10 160
457 258
98 12
264 53
162 793
577 128
165 770
120 128
960 5
289 16
49 76
513 32
234 4
547 128
400 7
576 11
545 72
17 548
532 192
64 2
0 658
256 216
98 9
162 332
514 240
9 2
520 158
514 21
786 128
264 2
825 0
12 962
356 0
6 616
16 930
82 33
42 980
0 390
100 920
434 0
144 335
0 433
70 17
840 16
197 264
12 528
770 5
67 296
64 25
455 16
12 594
384 528
36 536
386 556
444 512
824 65
41 790
558 257
169 594
40 128
25 68
16 548
9 784
150 580
564 385
512 65
65 776
256 243
0 821
562 257
105 896
58 896
397 80
360 528
656 72
256 152
916 8
1 944
50 888
652 49
4 522
840 2
0 890
137 512
533 232
34 897
5 304
256 152
9 102
164 90
10 736
21 130
263 656
172 18
384 627
9 262
129 772
38 448
259 76
784 194
260 304
328 512
643 48
64 2
76 144
0 28
12 192
10 545
627 140
256 568
288 518
42 69
0 805
35 948
80 10
401 32
13 514
268 416
963 100
179 0
512 399
466 0
14 896
131 768
548 8
357 658
195 44
743 8
403 96
0 220
73 160
513 200
803 128
387 40
328 512
269 512
867 25
145 42
520 113
34 584
580 226
98 521
832 174
580 187
644 11
49 524
25 224
264 4
272 640
96 145
165 260
560 327
513 144
548 89
18 449
776 22
748 275
136 87
788 67
528 6
0 113
976 15
8 354
48 138
0 780
0 525
18 680
580 128
69 305
556 384
40 512
385 514
16 515
288 576
528 260
928 269
148 361
12 80
672 5
33 902
212 768
147 312
1 360
65 136
226 517
704 18
609 384
35 644
784 16
384 337
4 680
527 224
451 572
48 5
32 348
674 344
205 288
666 0
260 64
560 458
312 128
457 550
0 20
184 838
448 570
517 152
2 108
200 33
536 102
298 512
920 7
128 20
66 773
420 513
520 260
769 54
656 0
278 73
20 289
320 163
100 522
556 83
640 16
0 218
540 33
106 144
194 768
896 60
133 770
192 546
244 37
584 39
64 137
528 162
133 614
329 48
570 321
836 32
320 688
32 201
224 8
563 260
962 56
42 592
18 520
145 520
866 128
20 640
0 213
586 272
608 386
824 6
5 416
928 5
264 106
40 0
64 52
4 577
594 256
366 640
20 43
782 34
530 129
554 80
857 3
54 1
178 13
168 533
128 120
520 5
530 101
518 137
184 640
581 146
15 192
265 128
514 212
274 9
52 73
266 4
13 512
596 34
136 39
12 32
88 288
16 134
514 257
790 388
265 22
33 7
208 40
134 25
130 584
32 134
2 737
520 226
650 580
288 653
536 261
135 48
1 516
0 774
132 354
768 101
8 135
8 7
100 771
176 328
538 64
25 64
74 400
257 8
258 517
513 128
464 39
266 37
276 64
371 140
777 2
560 128
2 89
8 103
772 160
4 419
843 144
712 53
39 640
17 20
0 746
4 513
450 513
607 128
58 384
256 523
516 384
0 548
33 18
133 882
770 40
561 204
2 393
576 143
5 658
245 0
560 386
0 777
2 260
576 7
107 388
32 540
533 8
368 648
260 218
72 932
68 528
0 112
898 80
512 77
52 899
472 257
552 4
348 675
528 7
560 128
542 0
32 532
256 607
5 536
612 0
12 387
28 768
858 32
177 512
512 257
161 326
24 80
168 12
65 0
91 832
546 907
272 8
66 768
96 262
152 320
34 85
440 3
9 128
0 421
66 548
161 768
568 256
128 522
312 513
848 8
129 82
0 0
289 532
171 128
867 144
388 0
257 66
521 192
140 64
305 710
1 802
513 162
64 778
144 327
3 740
354 516
25 804
40 83
4 3
0 276
608 25
204 48
128 283
498 8
20 0
528 160
298 513
880 1
193 292
256 713
16 3
258 584
392 560
2 52
80 556
640 19
132 521
56 711
131 560
584 290
4 304
0 410
962 12
27 512
673 282
322 516
86 640
0 712
780 65
640 380
4 515
17 322
64 796
138 801
82 416
7 64
526 304
929 58
22 97
521 70
317 704
264 519
540 128
582 28
512 82
554 388
384 1
195 773
36 73
3 528
126 129
132 106
5 600
404 577
864 141
272 200
388 512
256 732
256 212
117 514
6 1
72 306
314 708
132 530
272 166
32 208
1 968
712 37
25 934
532 256
37 770
96 896
388 524
10 389
628 0
9 52
924 82
8 550
376 644
588 304
860 160
708 532
148 577
32 834
99 280
321 14
8 67
380 128
104 130
224 772
72 56
0 296
129 892
701 512
384 120
50 0
516 258
169 68
272 13
312 64
160 274
260 745
26 320
170 848
4 611
596 297
437 651
0 340
88 0
231 264
640 129
56 961
629 2
164 90
576 48
204 291
579 300
104 512
134 272
43 908
524 0
208 38
276 4
1 46
817 12
0 25
0 452
569 96
512 256
33 64
840 144
160 512
672 262
193 26
8 705
32 971
320 652
209 518
3 8
12 739
308 647
901 208
915 4
41 912
789 40
856 258
69 256
532 73
720 266
266 528
64 128
610 281
152 3
25 512
268 201
32 7
417 24
104 512
672 64
835 136
544 2
720 0
40 210
864 128
558 80
34 209
512 168
0 714
137 64
152 580
354 144
64 777
64 61
513 406
304 711
656 10
136 530
4 538
592 133
48 138
130 772
140 32
11 548
52 387
62 0
23 896
320 570
720 4
772 224
33 768
58 0
178 836
32 69
391 8
16 392
260 723
76 704
516 491
0 676
64 0
84 418
150 73
708 264
162 541
656 11
83 556
8 353
513 168
361 528
256 5
26 36
12 672
40 704
513 106
5 778
169 342
49 514
1 460
129 16
674 256
134 113
616 275
769 40
196 8
497 8
129 586
165 344
297 646
176 15
916 42
770 161
257 66
210 13
72 389
581 384
128 43
644 282
400 72
716 401
132 800
3 896
0 785
768 144
68 418
79 146
112 388
259 160
32 17
372 10
722 25
578 16
608 147
740 16
384 78
424 531
512 149
528 103
356 514
13 160
73 400
80 258
514 12
544 198
513 368
200 305
208 260
129 286
0 732
2 288
328 18
47 128
512 89
643 0
769 8
600 166
8 294
801 66
194 825
160 780
193 514
46 449
0 6
10 1008
192 521
272 29
390 48
325 546
128 792
16 2
265 916
8 20
133 2
160 768
328 2
456 0
80 288
1 136
321 654
24 804
33 20
14 192
136 48
546 88
777 112
28 355
532 105
816 4
192 264
388 163
609 325
722 41
0 563
58 389
10 724
145 298
4 332
348 130
514 208
390 16
768 194
671 32
0 79
617 4
130 580
514 541
147 548
2 668
290 72
1 964
803 200
49 590
20 106
226 528
18 873
264 645
46 144
99 276
176 514
132 266
32 464
200 36
132 272
128 572
104 7
291 16
0 389
332 18
420 603
712 263
680 6
144 524
2 4
618 264
2 321
672 91
324 671
156 288
0 242
82 525
256 145
81 4
736 6
532 385
646 56
128 633
456 545
577 128
168 276
40 135
921 0
256 579
4 650
4 515
832 47
0 907
258 193
541 258
625 14
128 122
264 99
72 768
580 57
210 556
528 302
784 67
810 192
900 9
624 128
962 4
49 258
192 826
544 150
262 120
18 188
48 909
769 490
328 512
2 528
384 8
768 734
32 10
17 392
800 202
148 257
2 208
256 169
267 672
512 336
66 301
16 522
228 312
276 681
192 514
128 271
404 579
137 48
98 1
128 616
17 556
41 18
640 49
98 521
969 34
199 40
521 901
33 924
83 768
54 17
16 875
128 850
256 580
221 546
24 161
184 512
296 148
0 218
0 320
484 513
4 745
64 15
168 595
1 42
514 300
64 557
304 5
650 1
2 1
789 193
12 160
0 673
3 712
9 836
408 1
520 34
64 660
186 768
768 114
440 576
665 262
500 40
80 768
713 32
131 48
165 276
579 164
2 300
576 151
276 17
388 35
532 906
21 512
0 981
201 32
336 556
145 40
448 515
545 142
888 4
257 608
146 580
164 64
304 641
163 780
771 0
0 232
165 530
524 224
512 192
472 37
100 280
136 82
4 840
8 164
37 266
136 3
324 9
2 773
27 326
24 770
71 704
522 197
515 20
47 576
324 2
581 424
65 270
711 2
326 0
34 65
75 164
165 24
25 546
0 560
4 264
515 200
648 564
27 192
32 577
67 396
56 198
2 512
96 270
29 2
263 0
536 68
608 158
196 282
587 276
223 512
24 770
8 257
347 548
34 257
6 576
48 704
135 816
170 0
534 321
579 0
228 66
225 266
193 32
269 546
80 652
544 395
513 288
84 648
147 544
136 260
32 128
523 36
512 73
4 936
260 170
4 520
546 192
322 17
460 528
798 160
9 16
864 144
977 8
268 849
769 79
610 660
16 327
144 6
44 576
109 387
2 552
16 655
164 72
30 801
7 8
82 512
8 528
273 544
16 933
56 384
0 851
628 0
417 26
429 64
930 72
257 40
32 770
527 32
290 0
524 288
276 224
18 9
412 64
83 296
386 49
881 514
545 64
134 280
70 793
522 196
34 528
8 96
864 14
512 171
17 6
80 256
801 10
24 512
260 513
81 388
0 416
192 41
266 80
8 130
70 288
49 258
257 592
0 393
1 640
105 276
192 544
137 784
258 248
16 526
144 772
803 128
80 431
130 801
12 1
16 289
660 298
643 112
788 34
0 254
545 16
89 66
384 121
2 0
120 647
26 800
340 544
4 80
579 256
330 195
256 162
532 25
292 64
8 517
641 2
101 2
768 140
512 6
2 612
161 788
0 4
128 33
652 256
132 106
264 7
64 169
478 0
48 128
0 468
387 64
676 281
264 721
512 98
728 32
275 488
746 1
86 393
16 69
80 513
530 65
384 635
512 384
354 528
19 104
512 469
16 128
580 403
17 974
208 518
40 258
770 160
259 128
45 18
640 0
68 920
17 614
642 456
65 896
772 41
64 129
296 21
664 37
21 40
513 138
130 0
168 544
106 648
41 328
28 515
384 785
24 2
556 256
598 0
616 184
838 128
416 11
73 16
193 318
16 390
66 1
901 14
137 276
225 8
153 806
52 128
288 664
16 896
321 32
257 72
400 2
322 260
16 390
768 238
568 130
274 32
4 577
512 228
224 768
811 20
161 784
55 136
264 32
18 744
267 644
30 520
461 2
336 161
182 577
130 24
129 340
332 128
0 0
256 102
1 136
6 272
0 8
326 128
0 347
898 9
34 728
658 4
264 578
64 516
592 289
771 17
386 88
298 128
644 265
36 579
4 64
260 17
8 18
816 139
569 4
260 33
564 0
137 14
274 512
274 96
89 768
576 93
0 220
465 46
548 392
268 562
983 0
160 259
550 209
715 20
6 244
25 52
642 273
36 770
342 704
128 2
256 512
264 17
336 37
272 75
408 579
48 68
4 680
10 128
73 546
516 97
92 800
309 0
139 16
163 4
528 262
512 165
308 386
264 68
609 350
256 741
134 280
128 45
463 16
0 356
70 912
33 4
128 121
819 140
337 520
5 26
13 786
739 784
617 2196
601 2082
4 2242
272 2124
18 2777
68 2473
138 2149
256 2571
0 2531
940 2050
299 2064
0 2784
662 2348
384 2567
72 2946
12 2353
514 2409
34 2113
414 2049
78 2433
32 2563
576 2074
5 2552
228 2320
33 2052
10 2917
4 2688
21 2442
0 2236
171 2320
32 2312
796 2080
870 2184
303 2576
12 2642
373 2696
520 2323
29 2208
72 2310
282 2081
68 2323
640 2123
129 2094
50 2249
276 2560
10 2657
32 2325
49 2880
84 2305
12 2562
166 2560
640 2353
156 2626
112 2177
208 2339
1 2342
48 3018
0 2596
35 2320
930 2057
837 2056
105 2176
706 2560
536 2336
164 2560
0 2650
580 2305
128 2882
4 2353
610 2304
129 2924
80 2344
392 2051
9 2208
594 2441
536 2213
453 2570
325 2082
31 2816
272 2692
645 2128
286 2113
64 2862
881 2186
16 2688
2 2824
184 2308
385 2644
0 2052
81 2444
148 2912
644 2306
552 2048
608 2177
706 2316
40 2626
323 2716
576 2048
2 2880
4 2456
552 2068
512 2212
0 2065
658 2120
197 2354
136 2641
5 2984
138 2368
768 2400
2 2480
52 2242
192 2104
0 2269
201 2050
809 2050
402 2060
344 2562
0 2950
547 2328
148 2088
865 2180
288 2580
8 2049
134 2081
576 2186
35 2496
832 2097
162 2068
193 2598
777 2112
849 2208
16 2437
576 2732
128 2048
45 2688
263 2288
575 2304
785 2196
320 2086
193 2834
256 2592
537 2048
256 2145
425 2560
790 2176
934 2048
71 2720
116 2569
601 2087
257 2130
8 2482
552 2823
64 2457
36 2057
132 2139
354 2068
194 2604
514 2092
64 2734
408 2629
289 2050
128 2356
5 2736
588 2434
450 2640
784 2085
296 2688
34 2377
50 2241
337 2574
528 2497
144 2445
724 2086
40 2579
330 2177
224 2312
0 2113
48 2177
3 2084
0 2274
36 2120
6 2817
130 2868
844 2066
0 2694
256 2146
121 2050
528 2440
16 2118
67 2112
321 2604
65 2448
610 2321
266 2848
1 2660
544 2048
388 2128
666 2305
785 2180
227 2580
36 2201
0 2578
2 2797
386 2065
273 2400
451 2100
712 2304
128 2166
792 2656
520 2053
4 2761
76 2322
12 2081
512 2520
146 2632
80 2220
610 2432
12 2064
73 2976
314 2116
257 2080
257 2050
324 2689
14 2304
430 2113
694 2048
132 2097
125 2466
194 2568
673 2331
103 2200
37 2266
640 2048
432 2568
384 2754
60 2625
33 2950
328 2950
814 2256
130 2608
64 2733
519 2208
775 2112
332 2688
13 2226
648 2321
872 2561
0 2128
192 2058
24 2081
512 2065
0 2688
0 2081
298 2065
444 2642
41 2245
328 2565
515 2120
176 2064
294 2057
600 2306
103 2304
68 2954
130 2112
649 2144
580 2066
522 2532
386 2068
130 2632
800 2179
384 2629
512 2098
352 2109
258 2605
397 2560
33 2200
36 2065
1 2872
100 2049
16 2048
656 2118
929 2050
0 2297
286 2177
10 2740
384 2064
320 2620
0 2704
520 2339
88 2048
1 2532
274 2624
257 2090
8 2963
7 2456
136 2309
536 2277
170 2048
322 2208
180 2112
9 2502
1 2124
384 2060
25 2048
177 2560
0 2593
1 2180
592 2309
644 2329
292 2057
336 2214
936 2064
664 2309
643 2164
256 2730
656 2060
578 2093
64 2599
160 2332
360 2694
154 2052
673 2132
784 2248
1 2276
585 2304
138 2053
208 2563
77 2208
772 2210
192 2592
26 2788
27 2144
524 2385
131 2876
72 2472
849 2056
256 2587
1000 2049
64 2472
160 2587
882 2057
964 2337
2 2712
137 2096
416 2116
648 2115
448 2079
257 2348
24 2595
532 2337
38 2832
577 2108
832 2050
524 2305
23 2848
976 2305
528 2188
2 2476
160 2070
20 2240
32 2561
144 2862
514 2213
643 2128
217 2082
13 2816
522 2213
641 2850
0 2211
832 2308
96 2563
0 2820
216 2563
435 2628
64 2579
148 2083
544 2304
64 2842
160 2569
800 2177
163 2840
130 2064
256 2303
5 2080
522 2144
1 2654
8 2161
0 3048
176 2827
672 2062
719 2048
194 2101
1 2224
48 2304
32 2186
73 2434
8 2178
608 2048
112 2048
21 2186
2 2901
129 2160
20 2144
482 2069
12 2272
165 2320
288 2204
33 2376
259 2128
25 2304
0 2079
16 2114
32 2394
138 2116
769 2144
274 2637
11 2820
143 2400
260 2104
34 2116
780 2259
677 2368
546 2241
497 2048
148 2049
129 2320
582 2192
768 2208
4 2112
1 2122
649 2066
1 2362
328 2050
292 2170
8 2881
256 2072
340 2572
2 2576
65 2852
82 2116
516 2152
129 2560
275 2848
70 2069
345 2688
321 2604
6 2488
742 2305
674 2304
216 2405
52 2563
560 2051
143 2336
8 2055
24 2145
131 2344
51 2176
0 2583
89 2082
24 2629
144 2884
527 2048
305 2570
264 2112
225 2052
514 2072
648 2144
577 2314
592 2189
96 2100
41 2128
448 2620
26 2817
20 2184
195 2068
24 2338
13 2050
657 2052
0 2864
669 2400
32 2051
1 2064
628 2313
64 2612
516 2080
0 2068
541 2048
329 2562
817 2114
208 2306
384 2193
212 2050
132 2834
0 2240
304 2060
39 2368
584 2481
824 2050
160 2054
565 2112
628 2059
960 2052
64 2818
337 2048
800 2065
520 2052
776 2128
42 2628
274 2176
516 2419
160 2120
384 2048
483 2572
101 2050
72 2832
78 2192
148 2050
193 2050
609 2066
100 2176
80 2100
200 2980
278 2048
52 2752
768 2231
88 2176
69 2104
720 2057
38 2640
256 2571
70 2432
513 2080
16 2058
153 2530
520 2113
65 2598
131 2580
387 2596
770 2252
0 2232
0 2070
284 2562
325 2088
225 2304
21 2634
72 2452
66 2316
456 2055
96 2695
1 2048
265 2404
129 2088
15 2336
400 2624
97 2304
390 2112
62 2561
9 2402
385 2609
600 2054
44 2112
16 2976
289 2752
24 2625
274 2696
144 2054
261 2264
80 2560
262 2736
144 2859
141 2866
128 2577
390 2321
3 2624
288 2120
84 2560
0 2209
102 2201
128 2337
799 2144
52 2433
272 2243
770 2153
1 2266
132 2320
290 2696
18 2440
97 2694
61 2240
16 2890
160 2053
768 2180
132 2119
256 2596
260 2144
384 2077
36 2690
514 2116
160 2305
128 2305
408 2080
3 2068
64 2576
722 2057
148 2401
656 2338
290 2200
533 2248
197 2832
344 2724
458 2065
8 2563
128 2151
768 2637
12 2929
608 2049
257 2280
971 2048
704 2076
322 2085
261 2064
193 2096
64 2079
3 2752
978 2560
189 2752
238 2049
578 2049
305 2180
472 2052
2 2821
932 2066
584 2096
18 2316
44 2257
322 2080
65 2344
65 2186
580 2963
298 2576
929 2066
576 2200
76 2176
81 2692
264 2382
393 2660
153 2112
269 2224
769 2112
134 2137
8 2192
0 2320
512 2077
64 2344
533 2184
450 2080
19 2824
167 2632
140 2128
26 2533
0 2844
129 2640
0 2658
258 2700
64 2818
712 2086
88 2338
47 2064
4 2617
789 2376
384 2132
192 2568
594 2080
36 2833
136 2916
932 2114
0 2168
64 2078
2 2572
178 2638
580 2082
256 2564
14 2048
212 2819
32 2453
90 2194
9 2402
13 2176
204 2084
122 2688
512 2421
418 2564
604 2336
265 2421
193 2314
3 2360
76 2050
305 2148
272 2218
80 2182
451 2624
1 2112
74 2192
554 2132
10 2656
66 2065
66 2204
264 2164
200 2580
529 2120
700 2048
344 2566
7 2416
37 2368
49 2624
34 2960
195 2856
66 2349
8 2049
128 2097
686 2321
513 2066
2 2580
580 2336
87 2816
523 2308
138 2345
131 2308
720 2048
40 2116
67 2344
641 2074
84 2184
2 2125
0 2160
224 2568
321 2580
517 2178
134 2065
52 2153
77 2064
521 2162
6 2457
80 2179
6 2065
99 2816
521 2950
356 2048
5 2152
963 2608
944 2123
632 2181
0 2693
640 2151
24 2817
524 2947
410 2593
1 2406
640 2322
32 2657
292 2713
53 2690
779 2096
258 2080
326 2049
530 2249
32 2392
912 2126
9 2720
0 2723
385 2116
801 2050
77 2704
425 2112
106 2049
466 2821
273 2088
268 2240
725 2080
56 2624
576 2342
352 2579
284 2592
376 2566
849 2092
80 2952
160 2648
161 2370
772 2114
0 2644
4 2928
153 2308
312 2052
64 2588
608 2049
200 2626
897 2146
14 2561
211 2560
322 2177
87 2856
64 2187
16 2663
366 2560
194 2080
392 2070
370 2092
386 2570
13 2240
176 2818
88 2948
261 2064
64 2489
132 2571
306 2052
401 2594
26 2112
788 2058
266 2561
24 2289
0 2300
588 2065
581 2178
16 2560
524 2496
315 2048
540 2304
73 2980
512 2180
320 2073
512 2178
66 2212
0 2916
796 2082
34 2774
6 2737
388 2659
128 2050
849 2560
256 2213
144 2080
521 2146
36 2130
36 2123
55 2304
273 2656
8 2192
32 2568
1 2232
56 2256
673 2394
9 3040
521 2048
384 2356
144 2124
4 2147
6 2880
256 2183
128 2577
577 2071
817 2310
1 2948
322 2180
310 2624
339 2177
8 2914
515 2112
641 2072
384 2054
594 2176
0 2905
32 2570
530 2348
82 2305
512 2340
72 2048
35 2176
526 2432
104 2944
805 2200
512 2352
780 2114
260 2753
32 2625
576 2306
16 2822
56 2176
0 2396
128 2061
404 2120
536 2368
65 2084
197 2308
144 2664
280 2186
256 2614
18 2660
152 2352
133 2568
294 2632
269 2194
18 2848
704 2058
87 2816
46 2240
4 2328
520 2080
10 2864
228 2560
408 2595
97 2964
16 2218
576 2232
52 2889
32 2071
0 2702
642 2856
290 2061
6 2416
8 2054
203 2064
128 2607
877 2066
36 2176
0 2205
368 2049
3 2060
261 2088
579 2474
76 2737
96 2304
44 3027
134 2609
10 2112
160 2062
588 2352
512 2179
11 2864
576 2362
8 2129
560 2432
106 2196
36 2827
212 2083
65 2444
600 2100
769 2126
133 2608
512 2283
323 2688
659 2056
544 2053
640 2129
580 2105
592 2433
0 2118
521 2134
99 2096
32 2446
297 2564
256 2659
49 2368
288 2206
536 2054
8 2049
106 2192
8 2257
988 2080
360 2560
65 2056
3 2384
276 2761
800 2296
256 2187
528 2305
32 2065
130 2148
50 2568
66 2341
24 2310
794 2092
272 2209
832 2061
292 2245
288 2565
194 2050
518 2137
64 2729
490 2561
652 2306
141 2848
332 2049
518 2184
50 2504
195 2052
21 2050
964 2576
128 2364
65 2216
922 2052
19 2188
0 2653
804 2050
26 2436
900 2080
5 2066
789 2120
35 2832
67 2196
209 2822
34 2256
513 2462
36 2091
295 2576
225 2084
54 2624
8 3024
146 2560
784 2147
269 2576
64 2955
102 2049
285 2180
273 2956
784 2598
37 2514
256 2067
160 2316
154 2629
911 2160
28 2080
76 2466
524 2081
164 2064
48 2050
272 2592
284 2656
392 2560
83 2824
2 2105
92 2208
644 2322
256 2757
293 2584
532 2344
402 2089
16 2752
0 2064
524 2242
317 2048
64 2577
902 2089
45 2130
264 2224
19 3040
8 2564
513 2248
24 2211
65 2828
260 2201
0 2081
688 2120
724 2082
5 2082
880 2187
64 2108
680 2265
284 2272
128 2368
563 2400
512 2063
132 2048
4 2147
160 2048
5 2858
200 2833
784 2053
261 2586
528 2245
149 2048
772 2240
566 2432
601 2176
4 2586
86 2305
680 2309
71 2088
772 2096
264 2576
209 2308
96 2818
258 2057
408 2663
141 2674
404 2122
5 2448
24 2370
685 2384
913 2090
14 2433
553 2310
257 2052
135 2064
640 2310
328 2688
66 2081
97 2566
16 2410
135 2120
0 2176
552 2182
583 2360
540 2339
138 2564
81 2144
197 2106
293 2112
21 2048
160 2560
232 2048
524 2209
20 2144
534 2432
98 2688
204 2050
345 2180
281 2178
10 2992
645 2312
537 2470
68 2306
264 2085
513 2178
258 2569
434 2061
769 2564
448 2050
0 2442
66 2444
352 2196
836 2194
33 2304
131 2060
653 2384
337 2178
202 2049
275 2048
803 2240
328 2179
320 2562
752 2059
640 2048
260 2706
140 2850
657 2086
270 2688
12 2466
475 2080
768 2260
544 2051
146 2880
681 2048
464 2088
3 2052
20 2464
897 2152
129 2584
67 2452
672 2305
512 2340
529 2278
3 2060
180 2057
20 2304
775 2048
296 2180
104 2835
32 2340
128 2304
320 2784
16 2696
512 2094
16 2560
512 2350
640 2097
418 2572
288 2048
129 2424
673 2124
907 2148
628 2445
49 2176
136 2160
130 2628
22 2184
513 2346
272 2089
649 2368
16 2980
514 2049
320 2080
896 2080
224 2316
1 2592
282 2048
189 2626
162 2372
64 2347
10 2464
178 2636
112 2176
12 2690
832 2065
420 2056
33 2900
36 2242
556 2048
864 2053
162 2625
136 2098
516 2482
8 2626
545 2056
64 2613
136 2853
98 2180
36 2883
449 2560
137 2048
596 2049
577 2084
901 2160
216 2864
857 2112
144 2664
48 2127
746 2181
475 2084
33 2314
132 2600
192 2563
320 2688
434 2060
448 2049
146 2824
198 2328
520 2113
84 2561
62 2689
16 2947
529 2060
524 2114
49 2440
209 2086
428 2048
579 2464
850 2057
512 2268
8 1680
0 1407
264 1217
172 1360
128 1065
176 1285
660 1034
228 1537
1 1044
160 1032
53 1032
108 1555
600 1156
708 1067
769 1032
18 1089
652 1282
512 1197
646 1281
520 1312
16 1357
4 1363
10 1569
48 1285
624 1419
0 2016
264 1121
19 1344
200 1313
2 2018
128 1050
17 1096
8 1319
16 1569
544 1174
771 1028
160 1615
72 1027
149 1811
137 1280
144 1387
98 1152
393 1560
688 1027
640 1364
8 1731
322 1544
517 1346
192 1322
624 1283
643 1073
20 1896
10 1920
390 1088
384 1402
337 1536
525 1202
192 1064
6 1568
3 1792
386 1057
12 2007
320 1705
11 1366
672 1356
141 1312
88 1505
65 1152
0 1257
516 1280
256 1624
74 1076
64 1045
608 1048
128 1066
129 1034
16 1536
180 1090
3 1045
128 1064
352 1042
148 1352
592 1312
4 1282
650 1120
146 1344
0 1898
56 1154
581 1290
80 1280
58 1345
49 1032
313 1600
515 1024
10 1296
544 1116
16 1351
304 1092
146 1792
553 1414
976 1024
778 1152
92 1074
876 1152
134 1896
549 1426
11 1040
32 1173
16 1068
153 1088
136 1137
662 1057
424 1040
144 1614
209 1544
36 1563
525 1360
260 1264
0 1134
33 1728
672 1287
481 1044
313 1542
840 1169
304 1026
4 1114
161 1352
81 1062
920 1056
72 1712
22 1600
513 1064
172 1296
64 1952
578 1313
0 1793
593 1286
803 1664
64 1171
736 1285
8 1296
6 1224
4 1091
914 1028
428 1088
9 1076
929 1052
12 1505
32 1858
380 1539
16 1133
64 1049
323 1560
258 1216
802 1088
802 1236
2 1681
18 1860
131 1560
781 1152
86 1039
128 1055
40 2017
108 1488
149 1377
65 1058
454 1096
3 1084
64 1569
404 1826
272 1536
24 1191
782 1072
769 1184
64 1170
664 1378
770 1108
353 1544
519 1056
226 1028
704 1287
173 1856
384 1106
656 1067
550 1025
347 1028
961 1066
66 1812
8 1201
512 1260
63 1344
0 1134
16 1931
200 1187
513 1033
131 1292
704 1327
72 1076
8 1602
360 1556
912 1026
0 1128
658 1056
149 1026
32 1426
18 1997
803 1152
76 1056
136 1904
134 1288
344 1028
528 1385
64 1444
16 1097
20 1409
588 1665
112 1672
4 1552
779 1104
196 1032
6 1424
72 1031
5 1354
37 1480
1 1300
16 1312
432 1615
684 1026
586 1460
694 1025
604 1410
184 1604
163 1030
2 1679
160 1296
300 1104
274 1032
210 1568
692 1344
90 1316
296 1107
528 1097
720 1068
289 1036
288 1551
212 1328
2 1584
206 1568
260 1025
3 1558
66 1813
64 1284
0 1184
512 1433
64 1424
280 1088
128 1809
141 1074
396 1809
392 1090
38 1680
710 1288
13 1328
4 1057
528 1024
768 1044
40 1300
197 1554
361 1024
513 1379
250 1032
225 1552
17 1798
204 1024
16 1704
611 1036
128 1289
257 1680
0 1634
944 1122
540 1152
577 1026
595 1188
233 1046
16 1320
1 1478
128 1360
770 1025
74 1072
368 1544
2 1204
20 1256
132 1024
776 1228
56 1089
144 1320
273 1762
96 1040
538 1280
192 1544
417 1024
0 1086
392 1028
848 1192
938 1024
779 1216
17 1026
515 1300
65 1289
44 1664
5 1120
506 1029
0 1360
22 1033
804 1058
172 1107
33 1922
641 1608
179 1088
145 1602
70 1025
206 1536
0 1340
139 1792
132 1040
258 1069
512 1235
152 1379
196 1824
129 1588
640 1386
176 1029
773 1184
512 1448
513 1392
2 1285
705 1280
553 1350
258 1024
0 1592
291 1044
2 1284
427 1092
514 1154
272 1696
776 1108
17 1922
176 1031
336 1160
512 1810
258 1656
513 1408
40 1350
302 1104
400 1028
0 1204
27 1376
0 1621
357 1050
560 1304
274 1545
323 1652
0 1200
640 1032
24 1280
213 1792
268 1040
38 1936
256 1408
25 1990
575 1216
96 1556
202 1316
270 1169
105 1164
262 1225
976 1025
321 1028
512 1168
578 1416
147 1028
9 1288
72 1082
4 1824
265 1538
752 1038
69 1720
76 1280
83 1544
162 1024
64 1450
161 1043
400 1604
98 1544
289 1222
0 1411
193 1538
56 1474
302 1089
456 1152
385 1664
928 1045
512 1296
96 1031
788 1256
394 1648
0 1152
106 1556
100 1304
624 1028
384 1075
517 1088
785 1032
8 1377
900 1121
8 1296
225 1541
66 1156
544 1162
744 1025
2 1540
521 1104
932 1032
32 1041
645 1048
266 1061
528 1313
514 1273
16 1545
576 1178
68 1178
656 1065
64 1315
0 1323
66 1032
261 1184
133 1066
1 1792
147 1092
9 1520
121 1284
140 1315
10 2033
832 1163
3 1408
27 1796
52 1793
521 1104
25 1542
101 1024
12 1106
104 1922
800 1172
291 1096
118 1793
653 1344
16 1542
344 1024
193 1025
15 1168
103 1024
594 1069
264 1584
260 1042
65 1928
136 1414
321 1024
707 1312
4 1105
56 1409
32 1410
770 1189
320 1193
164 1115
528 1037
59 1920
33 1092
256 1057
260 1736
288 1754
64 1201
0 1543
33 1748
384 1089
512 1100
587 1056
64 1292
9 1286
153 1540
608 1046
84 1955
32 1664
157 1536
618 1288
12 1072
516 1504
6 1442
528 1990
81 1152
301 1218
2 1856
547 1280
21 1034
96 1537
292 1024
512 1205
147 1032
676 1104
14 1048
12 1139
583 1432
165 1026
144 1610
168 1536
970 1040
156 1026
46 1552
8 1793
2 1353
282 1537
308 1088
156 1569
178 1348
67 1540
835 1036
8 1376
128 1827
788 1256
64 1165
69 1040
256 1176
768 1065
352 1027
9 1570
641 1048
539 1156
10 1796
518 1313
273 1196
19 1026
86 1065
48 1285
516 1289
12 1473
608 1155
524 1457
19 1424
321 1076
145 1826
648 1283
81 1166
778 1192
50 1416
272 1577
209 1550
339 1668
72 1846
171 1812
80 1190
264 1152
306 1104
561 1344
576 1282
77 1664
934 1096
220 1283
788 1158
8 1441
830 1153
546 1088
595 1064
516 1392
4 1168
128 1868
296 1040
56 1604
259 1544
32 1298
337 1032
600 1188
0 1617
680 1537
13 1160
105 1536
30 1316
840 1040
574 1041
160 1295
448 1560
60 1987
270 1536
516 1091
277 1072
55 1856
0 1329
282 1536
320 1059
0 1567
824 1664
363 1680
128 1362
259 1640
48 1542
24 1536
51 1860
772 1291
263 1536
42 1221
776 1236
627 1284
6 1441
83 1440
10 1347
232 1030
64 1033
208 1550
264 1138
2 1261
44 1153
68 1056
34 1925
70 1336
144 1568
802 1089
16 1568
257 1057
576 1048
41 1872
16 1866
640 1288
4 1315
4 1154
156 1312
2 1361
16 1547
316 1026
545 1094
36 1129
10 1985
11 1620
106 1045
226 1296
586 1057
208 1792
917 1024
13 1600
328 1040
805 1048
211 1100
408 1537
28 1793
36 1672
282 1541
521 1030
24 1549
10 1137
77 1587
0 1628
192 1024
544 1104
196 1827
779 1060
265 1346
538 1152
663 1345
836 1179
40 1600
78 1792
3 1684
194 1581
544 1476
96 1664
2 1109
577 1462
707 1304
544 1223
32 1344
532 1026
140 1568
522 1093
640 1137
32 1544
0 1522
89 1312
182 1344
651 1104
864 1028
2 1632
524 1186
272 1568
18 1077
528 1320
642 1113
2 1728
130 1316
169 1040
0 1653
416 1040
552 1536
712 1330
276 1762
609 1024
17 1444
260 1042
32 1113
86 1153
100 1051
512 1056
0 1032
640 1051
60 1664
32 1049
784 1284
785 1554
512 1236
8 1670
200 1824
129 1544
544 1090
268 1618
300 1154
512 1226
400 1540
18 1696
136 1330
136 1041
64 1056
265 1636
540 1074
8 1267
668 1057
537 1120
272 1226
1 1636
580 1171
140 1617
272 1024
261 1034
544 1364
544 1162
576 1186
410 1056
673 1104
16 1032
641 1062
37 1984
672 1093
292 1098
9 1092
66 1297
258 1537
172 1793
561 1024
586 1424
902 1057
114 1288
648 1045
197 1592
640 1904
133 1618
193 1298
547 1484
721 1568
225 1296
73 1204
513 1036
584 1156
595 1284
519 1208
960 1031
518 1610
341 1024
912 1095
384 1113
16 1225
96 1665
776 1122
676 1109
137 1557
356 1578
7 1360
5 1562
178 1537
514 1320
403 1544
76 1552
1 1422
534 1440
209 1826
900 1057
5 1026
40 1536
16 1870
410 1536
800 1241
42 1604
257 1568
349 1030
740 1296
596 1032
88 1408
696 1350
512 1187
172 1872
323 1712
482 1041
74 1300
0 1824
552 1154
325 1040
216 1056
641 1062
50 1665
705 1024
275 1548
144 1891
866 1045
16 1284
68 1825
312 1092
736 1040
178 1828
578 1165
904 1040
9 1586
129 1550
67 1816
768 1101
808 1223
144 1289
256 1029
6 1481
516 1441
514 1348
264 1746
59 1024
113 1280
785 1028
337 1674
513 1077
0 1315
672 1096
65 1280
804 1025
392 1635
532 1095
17 1024
513 1220
136 1808
284 1248
1 1920
48 1412
2 1556
197 1312
12 1360
176 1280
537 1190
584 1040
769 1160
19 1096
19 1920
272 1027
48 1033
24 1184
36 1026
34 1684
256 1628
682 1025
88 1568
272 1667
284 1153
64 1544
730 1056
537 1446
0 1477
150 1544
548 1042
520 1141
18 1484
66 1822
1 1154
64 1163
17 1798
35 1360
64 1043
45 1664
274 1152
0 1070
805 1032
1 1943
769 1090
141 1024
1 1114
641 1034
417 1366
128 1328
128 1638
32 1472
128 1601
584 1200
129 1374
142 1105
4 1248
1 1476
581 1320
336 1063
128 1060
34 1808
838 1177
329 1204
849 1032
785 1068
513 1298
0 1286
546 1552
12 1441
130 1041
10 1156
425 1600
264 1648
165 1024
136 1840
5 1600
9 1856
184 1029
387 1024
2 1421
100 1162
129 1798
432 1643
32 1796
1 1306
12 1568
643 1096
144 1546
261 1208
5 1232
710 1040
208 1826
544 1026
256 1651
17 1128
516 1209
170 1813
104 1424
834 1160
264 1187
160 1794
25 1792
641 1060
532 1289
640 1150
26 1600
257 1024
196 1297
544 1232
261 1026
38 1304
673 1032
37 1552
128 1123
61 1702
790 1033
129 1354
604 1281
357 1024
2 1677
34 1600
105 1796
4 1609
262 1728
625 1064
545 1230
456 1045
60 1408
48 1097
324 1026
80 1152
80 1030
291 1226
42 1540
25 1282
1 1550
560 1422
393 1186
11 1600
34 1932
400 1577
256 1123
150 1601
768 1121
328 1073
624 1024
12 1319
899 1120
38 1040
2 1029
4 1416
526 1121
4 1073
76 1584
216 1537
693 1356
337 1192
666 1036
5 1184
96 1295
4 1826
266 1060
8 1826
258 1153
514 1057
204 1073
8 1105
528 1288
570 1088
818 1160
483 1052
41 1478
742 1048
448 1575
146 1281
65 1208
600 1409
129 1282
272 1547
90 1184
592 1163
2 1642
520 1152
197 1058
264 1249
130 1800
107 1168
48 1028
682 1105
2 1616
545 1182
544 1728
96 1288
576 1175
513 1546
522 1108
614 1416
606 1152
273 1666
34 1089
2 1216
795 1056
1 1538
69 1432
70 1049
171 1088
16 1130
64 1320
0 1086
518 1304
8 1602
73 1058
89 1282
68 1155
328 1153
9 1797
57 1412
384 1538
304 1540
530 1088
281 1058
17 1668
522 1105
139 1288
40 1362
260 1537
264 1538
481 1052
132 1538
512 1118
100 1288
0 1614
37 1776
192 1024
650 1109
279 1568
518 1024
341 1544
586 1185
177 1156
620 1042
64 1064
307 1092
64 1414
512 1120
180 1098
266 1025
64 1537
444 1024
261 1736
530 1324
640 1028
144 1345
20 1641
533 1410
643 1344
260 1617
769 1156
282 1664
268 1649
548 1283
280 1217
760 1026
645 1416
304 1152
73 1552
732 1058
10 1301
16 1093
613 1040
234 1028
393 1110
51 1540
4 1416
34 1864
29 1186
64 1025
0 2008
2 1329
608 1287
64 1584
642 1037
5 1608
551 1090
164 1801
539 1440
22 1153
16 1536
4 1169
16 1536
29 1024
170 1024
68 1296
338 1156
182 1032
560 1026
152 1636
96 1540
308 1220
349 1632
17 1024
160 1091
576 1082
0 1142
46 1488
259 1124
299 1088
323 1152
281 1024
2 1300
898 1081
518 1041
1 1282
416 1176
8 1616
368 1668
160 1622
416 1113
384 1110
265 1764
71 1696
893 1026
337 1024
59 1216
395 1104
924 1344
844 1043
208 1472
296 1553
578 1069
3 1412
128 1282
979 1036
32 1176
558 1152
146 1032
82 1796
70 1328
6 1281
80 1026
17 1130
393 1604
348 1187
800 1224
19 1664
89 1410
965 1048
256 1582
612 1089
392 1095
614 1033
219 1058
552 1409
278 1024
961 1030
36 1114
2 1984
68 1189
418 1116
769 1024
0 1058
396 1057
32 1856
108 1040
20 1696
42 1808
913 1026
402 1024
288 1565
264 1538
288 1167
139 1076
836 1154
465 1574
334 1152
0 1312
34 1368
225 1561
513 1468
258 1060
100 1416
164 1130
165 1042
100 1043
642 1045
36 1353
208 1798
0 1950
802 1233
812 1363
712 1298
137 1104
66 1800
781 1040
40 1428
68 1835
20 1065
226 1540
36 1352
458 1041
244 1032
24 1447
74 1664
139 2016
20 1024
100 1041
329 1156
32 1544
166 1600
34 1360
392 1280
2500 24
2153 772
2690 120
2195 12
2070 521
2566 296
2049 662
2594 9
2162 768
2215 26
2065 354
2440 18
2568 451
2241 520
2944 9
2049 742
2434 56
2055 480
2594 136
2688 8
2305 72
2068 640
2594 65
2368 552
2098 332
2818 48
2065 128
2249 16
2817 86
2754 288
2064 70
2568 262
2112 168
2608 4
2274 14
2628 306
2438 9
2153 386
2208 256
2088 838
2156 642
2578 201
2162 0
2384 33
2848 130
2567 272
2087 840
2608 64
2338 144
2048 514
2309 130
2179 8
2306 593
2851 72
2333 2
2547 516
2150 520
2182 272
2576 8
2055 768
2709 32
2081 0
2124 32
2176 133
2176 344
2306 529
2320 741
2573 224
2560 256
2899 128
2088 134
2132 43
2849 192
2252 546
2320 677
2694 73
2052 401
2084 787
2904 32
2194 585
2757 26
2552 524
2632 272
2112 286
2442 4
2226 513
2181 40
2064 804
3021 298
2048 0
2052 464
2706 97
2630 392
2320 715
2948 64
2562 65
2061 640
2408 19
2634 16
2132 130
2200 256
2120 244
2648 34
2092 0
2312 146
2582 288
2050 289
2947 4
2625 260
2196 352
2869 0
2700 115
2402 524
2721 0
2368 38
2244 769
2242 800
2048 99
2470 8
2072 513
2160 4
2224 102
2780 262
2579 320
2888 2
2144 7
2568 144
2048 141
2082 588
2970 33
2061 897
2116 146
2065 170
2896 0
2120 387
2048 738
2628 130
2649 130
2898 5
2052 512
2346 4
2126 448
2322 140
2624 48
2577 322
2096 456
2193 870
2321 136
2052 570
2056 17
2490 0
2072 768
2319 528
2241 534
2180 873
2370 512
2568 133
2100 458
2328 135
2105 388
2512 38
2818 524
2348 528
2176 72
2192 809
2384 9
2313 166
2848 17
2048 513
2177 272
2051 36
2564 51
2317 32
2110 0
2730 357
2074 641
2704 772
2320 65
2064 264
2122 768
2852 88
2689 64
2224 585
2850 140
2568 850
2143 768
2080 592
2208 68
2688 269
2248 789
2240 516
2372 512
2105 66
2065 768
2048 522
2391 512
2186 516
2073 196
2310 200
2560 52
2292 513
2112 406
2248 260
2048 834
2312 1
2560 267
2240 8
2224 778
2067 40
2720 283
2151 656
2048 51
2210 20
2052 537
2720 66
2538 533
2464 12
2086 576
2096 642
2368 7
3044 3
2128 899
2049 264
2240 49
2436 67
2412 80
2433 546
2562 204
2656 257
2560 236
2329 512
2304 24
2307 80
2572 288
2212 75
2049 132
2177 82
2178 292
2304 228
2060 195
2084 152
2448 107
2450 589
2112 164
2112 134
2902 41
2208 82
2628 130
2544 64
2315 672
2864 136
2181 36
2570 292
2818 4
2052 272
2148 920
2832 129
2625 52
2664 388
2369 146
2069 938
2192 307
2050 261
2326 96
2138 0
2560 206
2970 96
2576 132
2632 261
2709 322
2768 0
2181 784
2056 373
2064 5
2403 40
2117 266
2089 542
2304 193
2834 205
2052 179
2185 352
2962 69
2209 18
2774 73
2498 4
2064 169
2124 146
2056 304
2096 896
2544 14
3008 20
2304 616
2785 4
2883 32
2193 544
2100 576
2066 580
2307 1
2306 521
2588 2
2116 570
2320 139
2436 553
2369 164
2566 257
2660 266
2064 556
2050 140
2076 896
2625 320
2258 17
2340 135
2196 512
2064 640
2202 97
2208 824
2664 130
2570 289
2332 160
2592 15
2624 319
2184 260
2605 82
2193 353
2947 48
2152 257
2080 91
2056 289
2049 418
2705 4
2178 521
2432 118
2416 10
2128 520
2449 628
2660 9
2176 256
2064 2
2050 392
2572 480
2322 134
2401 664
2848 128
2054 800
2071 104
2051 285
2058 256
2448 48
2776 4
2058 36
2216 516
2241 562
2376 176
2977 10
2112 808
2870 64
2101 768
2341 584
2694 352
2096 69
2344 83
2572 482
2848 14
2642 4
2177 26
2240 282
2048 74
2148 401
2056 133
2704 289
2064 1
2850 209
2662 0
2896 132
2048 705
2129 642
2129 520
2087 208
2326 40
2056 7
2180 211
2108 514
2140 641
2825 100
2448 514
2176 256
2316 103
2144 265
2088 708
2052 896
2274 788
2326 40
2072 38
2369 682
2720 2
2628 264
2692 81
2779 36
2082 512
3024 45
2665 256
2308 3
2633 444
2681 386
2220 833
2308 0
2055 168
2308 98
2057 278
2695 320
2578 14
2200 5
2620 387
2336 714
2057 116
2255 528
2880 44
2076 192
2332 129
2068 128
2064 550
2226 776
2788 40
2048 68
2616 198
2112 552
2310 200
2582 288
2322 4
2649 672
2588 227
2179 256
2248 49
2385 12
2625 142
2370 545
2192 544
2656 192
2720 333
2712 864
2436 33
2101 8
2208 275
2642 109
2249 770
2049 58
2448 37
2336 642
2080 925
2688 48
2176 0
2090 145
2072 226
2564 82
2134 161
2216 583
2530 1
2052 328
2080 12
2128 34
2099 385
2944 97
2064 516
2376 6
2050 525
2180 810
2048 11
2892 33
2180 313
2976 140
2116 138
2586 196
2336 576
2178 81
2116 58
2072 130
2933 130
2304 65
2369 30
2536 0
2138 128
2051 424
2192 352
2178 272
2472 2
2706 4
2432 26
2312 33
2695 112
2051 548
2336 8
2096 66
2572 496
2658 392
2100 586
2608 327
2131 160
2085 656
2818 72
2448 6
2640 256
2054 273
2081 642
2068 256
2076 352
2577 280
2129 14
2064 584
2604 259
2060 97
2672 15
2681 258
2054 48
2065 782
2054 81
2090 48
2240 270
2057 802
2569 18
2084 521
2072 192
2832 37
2112 386
2634 289
2821 0
2184 22
2374 32
2080 131
2321 580
2510 17
2056 834
2336 0
2592 195
2507 160
2182 256
2112 692
2098 40
2256 41
2882 13
2805 512
2386 169
2623 0
2859 580
2180 283
2981 66
2068 256
2050 260
2560 161
2563 2
2496 514
2056 176
2316 208
2560 842
2834 96
2206 64
2713 70
2464 584
2889 34
2488 70
2116 777
2354 580
2376 146
2440 532
2817 56
2157 768
2304 521
2688 258
2056 228
2450 8
2240 5
2965 107
2336 12
2311 98
2053 104
2115 12
2342 513
2066 580
2248 273
2560 244
2176 281
2113 38
2304 9
2120 130
2632 35
2824 52
2080 535
2368 161
2056 178
2068 712
2176 868
2644 160
2208 776
3064 3
2052 497
2577 270
2560 41
2604 17
2722 17
2304 16
2440 48
2974 96
2693 96
2113 16
2652 1
2464 35
2400 643
2132 906
2072 418
2387 4
2313 192
2420 1
2312 85
2241 518
2190 48
2606 258
2096 705
2836 9
2820 24
2112 49
2182 521
2562 80
2992 10
2669 2
2116 536
2053 330
2560 32
2226 69
2952 83
2448 512
2194 328
2673 2
2084 769
2081 640
2944 25
2064 577
2122 32
2608 128
2083 148
2065 130
2704 35
2697 18
2145 912
2582 456
2250 17
2136 900
2048 712
2048 708
2052 792
2056 385
2068 616
2584 160
2224 2
2330 64
2068 515
2328 582
2180 96
2304 512
2050 352
2304 638
2946 64
2816 42
2089 0
2320 1
2873 134
2448 521
2161 388
2586 228
2499 672
2607 80
3004 4
2375 9
2724 258
2134 288
2378 194
2232 578
2564 856
2068 832
2304 66
2320 164
2496 551
2064 397
2744 323
2564 17
2358 641
2064 388
2124 34
2369 2
2369 38
2050 770
2720 322
2050 233
2212 529
2625 420
2096 3
2576 76
2212 513
2112 786
2244 35
2217 628
2210 585
2273 258
2064 384
2129 940
2464 525
2061 192
2860 130
2626 53
2071 448
2082 261
2116 513
2049 40
2561 168
2560 400
2176 124
2834 33
2272 270
2776 292
2187 0
2122 784
2050 336
2374 1
2457 6
2268 547
2378 48
2212 848
2089 38
2739 264
2304 609
2113 2
2129 640
2572 289
2128 34
2050 680
2180 513
2726 40
2048 577
2560 182
2112 899
2626 88
2336 593
2051 278
2467 4
2187 160
2068 129
2901 256
2650 1
2877 146
2053 826
2052 131
2232 64
2944 34
2691 456
2178 288
2474 645
2216 276
2625 178
2178 40
2259 292
2714 68
2900 228
2832 512
2068 256
2592 24
2624 32
2596 258
2610 128
2832 134
2194 0
2244 10
2177 64
2328 38
2521 554
2051 504
2176 316
2482 66
2577 386
2048 76
2337 209
2089 272
2328 69
2051 24
2176 269
2304 181
2123 196
2432 568
2929 14
2128 133
2368 48
2054 128
2384 165
2160 580
2056 951
2629 256
2569 352
2224 73
2800 256
2400 640
2114 137
2176 769
2584 224
2806 1
2128 527
2105 782
2072 134
2112 522
2560 147
2455 8
2101 258
2531 520
2945 56
2128 132
2058 452
2048 11
2833 8
2304 34
2202 324
2480 65
2346 516
2081 577
2818 200
2064 65
2059 84
2048 170
2078 512
2210 272
2096 646
2368 652
2624 400
2066 832
2102 0
2144 645
2436 58
2218 64
2667 4
2248 771
2057 16
2323 4
2867 136
2281 22
2235 320
2240 270
2096 454
2965 40
2196 552
2193 322
2592 265
2274 773
2052 18
2305 74
2065 301
2187 256
2112 268
2688 296
2069 66
2048 43
2189 98
2176 7
2218 276
2084 17
2132 489
2068 130
2194 65
2529 0
2306 97
2826 168
2692 368
2818 160
2168 0
2122 822
2347 132
2112 403
2580 256
2202 804
2246 529
2561 270
2240 554
2368 155
2778 37
2688 9
2064 525
2069 544
2696 99
2830 33
2313 66
2112 160
2613 130
2114 560
2080 1
2066 256
2336 147
2275 8
2048 966
2566 152
2432 92
2292 0
2051 416
2721 259
2084 200
2067 576
2656 13
2113 272
2308 752
2061 112
2692 11
2331 2
2721 768
2048 789
2513 2
2596 65
2438 0
2825 82
2976 31
2060 67
2576 393
2164 768
2560 199
2112 657
2409 0
2056 147
2065 362
2821 642
2644 171
2108 256
2049 128
2066 168
2304 557
2098 64
2625 274
2048 163
2112 0
2112 930
2177 38
2560 96
2709 64
2165 136
2894 137
2688 16
2497 22
2264 35
2057 464
2165 328
3009 32
2562 181
2644 162
2100 1
2901 128
2090 276
2176 69
2571 161
2728 259
2048 18
2072 388
2098 268
2312 6
2728 278
2689 78
2212 2
2189 278
2048 201
2228 64
2436 33
2053 34
2080 346
2424 128
2249 772
2313 2
2576 66
2056 589
2969 96
2140 2
2593 460
2082 720
2224 771
2602 384
2576 257
2128 288
2618 256
2736 258
2371 164
2056 420
2480 2
2304 38
2629 8
2724 73
2580 425
2816 240
2224 772
2176 35
2701 0
2867 12
2105 192
2193 32
2093 136
2176 632
2088 258
2403 148
2824 35
2080 275
2144 915
2588 513
2048 1019
2082 973
2137 640
2058 556
2096 332
2561 486
2178 45
2070 72
2068 72
2534 0
2087 72
2246 552
2088 272
2609 68
2520 38
2063 592
2292 778
2349 786
2364 3
2305 86
2162 0
2112 406
2176 322
2067 64
2566 153
2146 133
2177 22
2318 592
2176 588
2673 14
2434 12
2148 385
2351 72
2594 4
2156 275
2074 357
2440 566
2304 8
2305 32
2117 666
2115 12
2144 256
2577 480
2695 344
2657 326
2449 88
2578 228
2306 641
2258 320
2056 786
2052 203
2049 544
2312 48
2348 81
2056 515
2117 144
2305 62
2068 544
2097 136
3011 136
2087 148
2072 262
2177 549
2112 395
2756 273
2825 240
2824 179
2247 264
2601 384
2049 548
2240 577
2048 75
2100 512
2048 545
2064 385
2312 117
2636 305
2338 136
2356 586
2048 105
2057 304
2848 68
2769 256
2064 297
2305 622
2309 202
2503 32
2312 576
2728 3
2049 818
2048 846
2057 276
2064 683
2576 172
2081 460
2693 10
2084 201
2085 960
2110 769
2053 640
2725 328
2656 4
2835 160
2577 140
2051 300
2560 219
2560 67
2051 584
2564 24
3024 32
2202 608
2320 11
2337 86
3008 19
2700 3
2500 144
2696 324
2882 33
2074 48
2632 166
2081 24
2049 180
2052 136
2142 37
2064 846
2178 17
2048 68
2561 148
2048 4
2753 268
2600 2
2074 805
2560 38
2065 589
2304 594
2816 23
2309 576
2048 304
2131 416
2120 677
2576 174
2304 253
2872 193
2098 328
2908 50
2325 34
2072 323
2112 804
2381 130
2613 24
2061 2
2572 86
2191 448
2127 32
2178 96
2196 107
2180 99
2624 432
2054 641
2769 32
2963 64
2052 376
2568 162
2088 145
2417 538
2272 10
2560 70
2609 6
2690 113
2288 512
2692 0
2052 778
2432 626
2265 6
2050 852
2113 652
2132 2
2049 32
2184 625
2566 145
2967 16
2048 642
2240 5
2600 323
2640 299
2321 232
2820 234
2304 121
2049 340
2640 169
2307 608
2080 462
2224 0
2164 513
2220 19
2608 384
2259 4
2177 272
2673 136
2093 0
2432 96
2122 656
2309 880
2120 36
2100 192
2120 257
2057 68
2240 258
2240 310
2755 24
2595 448
2304 562
2624 35
2080 597
2304 532
2083 140
2168 898
2578 48
2069 202
2092 192
2057 204
2304 66
2560 9
2630 169
2608 201
2152 272
2330 32
2059 388
2842 576
2309 480
2050 61
2048 418
2059 0
2124 512
2816 168
2580 416
2049 538
2373 512
2136 257
2321 524
2178 269
2699 0
2066 740
2331 544
2306 616
2579 356
2048 65
2065 36
2177 812
2376 133
2568 48
2059 80
2097 138
2321 0
2052 808
2381 51
2829 40
2064 773
1024 159
1285 674
1560 0
1024 213
1548 192
1125 26
1103 32
1168 580
1984 34
1032 34
1096 514
1764 11
1367 576
1056 157
1404 512
1256 257
1152 32
1345 536
1680 233
1280 192
1097 384
1584 645
1027 256
1618 133
1286 0
1048 9
1606 568
1476 512
1552 384
1152 334
1048 33
1296 713
1026 609
1041 744
1624 259
1184 517
1026 48
1536 176
1176 98
1139 516
1056 344
1168 124
1376 524
1440 537
1053 32
1120 55
1556 192
1044 928
1290 609
1166 272
1033 690
1124 537
1074 385
1028 722
1024 512
1071 17
1024 414
1195 272
1042 589
1152 44
1028 993
1424 28
1031 537
1575 192
1112 1
1024 489
1828 8
1920 47
1280 518
1045 866
1666 256
1024 195
1161 468
1024 19
1633 258
1542 328
1025 386
1067 256
1313 74
1296 577
1632 256
1954 4
1028 396
1117 384
1089 536
1280 655
1297 200
1031 128
1041 100
1152 525
1818 84
1024 86
1317 712
1208 769
1024 552
1428 544
1025 898
1736 12
1025 164
1381 640
1024 156
1889 142
1283 20
1600 151
1040 97
1166 529
1024 149
1652 1
1200 584
1058 205
1642 385
1056 528
1540 78
1297 585
1827 144
1280 567
1537 8
1281 192
1088 280
1338 132
1584 138
1030 16
1332 651
1666 257
1282 220
1824 0
1161 512
1537 24
1086 321
1067 896
1761 18
1153 106
1417 0
1068 1
1324 705
1588 320
1043 576
1474 304
1172 256
1289 512
1993 2
1814 8
1064 402
1057 196
1040 196
1573 272
1572 6
1658 388
1587 0
1804 0
1544 133
1032 599
1536 57
1028 514
1024 833
1216 291
1280 21
1152 21
1184 259
1824 148
1074 256
1536 10
1025 94
1232 256
1068 1
1337 132
1152 522
1156 112
1284 545
1026 521
1988 8
1136 648
1430 0
1681 66
1570 0
1798 16
1106 648
1312 533
1104 421
1026 43
1544 323
1130 516
1968 65
1138 552
1172 32
1800 2
1088 24
1138 513
1288 34
1104 675
1642 272
1548 16
1226 785
1666 96
1288 83
1096 4
1039 384
1945 2
1240 37
1216 21
1041 678
1796 114
1440 4
1345 130
1121 258
1094 929
1584 6
1603 260
1057 22
1312 29
1040 203
1041 454
1794 132
1025 812
1480 19
1603 156
1714 0
1887 32
1190 536
1154 640
1345 676
1060 579
1600 507
1120 133
1153 272
1672 37
1041 130
1066 513
1822 32
1585 46
1536 100
1536 261
1701 74
1028 898
1604 128
1056 257
1192 342
1314 157
1062 65
1283 0
1468 65
1024 288
1344 48
1296 576
1544 149
1684 257
1156 67
1251 256
1122 396
1024 513
1024 90
1549 130
1618 416
1408 51
1158 769
1650 133
1579 144
1093 258
1038 384
1280 560
1042 289
1569 394
1152 70
1288 119
1160 16
1804 178
1601 56
1537 192
1216 768
1747 36
1184 76
1765 256
1290 516
1033 676
1844 139
1412 32
1875 4
1600 40
1266 524
1315 192
1161 0
1604 33
1304 193
1101 946
1156 113
1539 96
1064 960
1664 2
1859 0
1216 512
1313 652
1728 0
1564 320
1217 768
1802 145
1058 28
1412 586
1040 236
1041 1000
1156 848
1106 44
1078 960
1802 389
1057 516
1447 512
1200 779
1248 52
1079 520
1056 128
1172 106
1030 264
1804 64
1416 98
1556 137
1925 8
1580 283
1280 520
1029 680
1088 9
1170 512
1200 67
1352 18
1536 32
1036 131
1121 12
1536 420
1078 11
1124 529
1174 72
1235 32
1404 3
1097 912
1056 193
1253 10
1152 44
1536 16
1138 128
1032 801
1768 260
1088 936
1930 1
1026 280
1058 385
1024 880
1089 520
1063 656
1736 259
1296 0
1812 128
1028 465
1124 267
1090 161
1744 262
1238 392
1580 128
1202 261
1154 516
1122 145
1152 258
1297 66
1192 528
1664 353
1090 152
1120 401
1338 513
1157 364
1286 265
1328 196
1286 144
1288 615
1059 656
1027 504
1026 756
1088 12
1412 65
1300 65
1152 332
1108 936
1793 10
1061 0
1058 452
1152 624
1366 553
1152 531
1408 14
1026 100
1167 320
1536 0
1571 404
1024 144
1488 570
1031 40
1288 180
1565 32
1589 320
1152 39
1348 32
1856 37
1248 3
1673 148
1603 0
1993 4
1025 508
1546 400
1036 560
1098 0
1026 621
1457 8
1105 296
1188 89
1043 96
1612 51
1032 292
1117 384
1796 560
1040 614
1795 148
1088 515
1388 0
1217 34
1101 562
1969 68
1188 337
1394 9
1216 3
1234 0
1087 400
1090 13
1102 32
1323 656
1812 65
1292 289
1124 136
1169 522
1024 928
1280 612
1166 64
1089 14
1099 128
1615 48
1358 129
1561 4
1796 136
1523 8
1168 770
1312 194
1665 40
1068 405
1028 11
1552 334
1124 897
1044 392
1097 134
1798 129
1120 644
1824 10
1970 11
1184 261
1472 514
1288 1
1088 164
1146 388
1925 80
1249 258
1040 521
1030 968
1188 266
1036 227
1160 804
1184 201
1547 80
1024 466
1438 36
1536 144
1216 513
1281 254
1065 834
1089 384
1064 66
1218 32
1316 202
1034 32
1473 570
1025 2
1341 128
1233 266
1734 49
1536 63
1280 216
1873 128
1060 904
1048 165
1664 363
1800 17
1168 33
1090 152
1146 900
1081 128
1328 525
1283 76
1255 528
1096 430
1668 69
1364 266
1281 530
1472 9
1282 44
1106 677
1060 384
1063 784
1232 771
1096 80
1046 232
1072 1
1288 578
1120 782
1180 96
1088 897
1324 16
1456 512
1096 7
1300 609
1164 0
1024 512
1080 900
1340 3
1345 38
1588 320
1201 258
1274 260
1796 155
1826 10
1171 36
1159 804
1107 36
1608 288
1033 112
1040 516
1616 165
1068 579
1298 128
1152 305
1442 64
1408 565
1027 52
1905 8
1993 160
1064 788
1032 370
1376 522
1364 8
1285 192
1045 8
1156 544
1140 897
1028 896
1024 856
1121 520
1122 152
1074 269
1304 1
1072 201
1029 192
1226 273
1985 18
1620 258
1452 531
1152 3
1713 18
1038 160
1056 396
1029 808
1060 832
1321 0
1568 272
1027 448
1314 512
1884 675
1042 965
1842 1
1345 770
1218 33
1536 131
1156 130
1746 296
1612 160
1216 8
1578 33
1716 265
1184 772
1440 69
1024 130
1858 517
1296 554
1078 67
1515 532
1061 90
1956 112
1032 53
1059 656
1619 132
1220 539
1084 644
1056 415
1829 0
1121 530
1217 28
1558 40
1090 539
1122 132
1568 396
1297 38
1055 480
1039 0
1555 0
1547 272
1301 98
1575 204
1052 65
1554 65
1090 168
1541 272
1173 770
1026 577
1568 129
1308 99
1144 261
1829 16
1080 132
1024 191
1120 768
1154 293
1024 193
1326 5
1209 772
1347 680
1024 848
1053 32
1696 268
1026 492
1145 900
1282 16
1408 545
1913 0
1413 50
1368 1
1419 548
1056 321
1092 11
1292 513
1133 274
1064 20
1541 256
1024 13
1418 0
1193 22
1034 0
1699 276
1504 532
1049 232
1572 0
1794 244
1748 256
1440 70
1544 0
1634 9
1117 34
1122 512
1568 79
1536 389
1026 80
1093 26
1026 808
1280 512
1566 32
1025 200
1609 288
1433 578
1147 0
1296 520
1358 128
1410 13
1543 64
1666 297
1250 4
1432 514
1025 168
1024 35
1330 65
1450 720
1127 512
1344 649
1616 5
1376 130
1396 650
1544 290
1583 128
1546 385
1055 1
1537 4
1408 98
1990 9
1037 768
1045 224
1280 106
1028 811
1369 518
1024 896
1261 256
1830 137
1632 42
1068 640
1033 550
1157 32
1220 776
1025 14
1120 384
1292 0
1060 256
1169 74
1290 17
1152 12
1217 282
1061 424
1056 81
1536 288
1168 14
1656 1
1545 4
1537 72
1074 588
1026 520
1372 801
1792 68
1090 152
1968 13
1569 386
1233 552
1281 124
1632 158
1025 646
1490 544
1057 896
1043 900
1300 66
1552 324
1033 258
1038 768
1056 398
1080 260
1044 267
1280 132
1160 4
1028 58
1922 780
1120 946
1316 83
1069 512
1280 160
1098 512
1460 0
1024 14
1280 545
1280 0
1042 169
1224 535
1153 532
1537 20
1138 540
1024 726
1192 516
1039 897
1092 176
1652 0
1024 780
1029 138
1128 129
1224 880
1422 16
1092 640
1057 768
1025 770
1664 114
1344 520
1683 364
1266 520
1249 22
1073 2
1508 72
1540 1
1315 524
1603 184
1314 12
1384 80
1301 650
1728 34
1056 385
1592 0
1569 201
1058 4
1992 34
1162 256
1045 552
1545 198
1728 0
1044 768
1088 947
1468 1
1165 320
1424 615
1156 256
1314 213
1412 240
1804 98
1921 10
1056 4
1031 264
1172 96
1096 902
1699 716
1545 322
1117 2
1863 32
1152 546
1793 188
1676 290
1864 146
1208 256
1561 4
1196 848
1094 24
1553 270
1609 308
1064 386
1568 74
1847 0
1264 15
1842 73
1548 32
1572 88
1033 880
1024 579
1033 18
1632 265
1348 50
1584 192
1088 45
1412 584
1544 130
1540 584
1061 18
1028 321
1793 136
1152 579
1032 532
1928 13
1152 624
1102 296
1648 256
1058 330
1100 514
1390 128
1088 400
1537 2
1538 144
1539 681
1299 680
1024 832
1410 113
1538 9
1456 4
1314 9
1040 302
1040 292
1092 385
1878 40
1034 161
1116 33
1027 448
1586 329
1740 282
1281 32
1552 72
1153 16
1200 82
1200 321
1672 368
1541 90
1025 642
1281 526
1638 384
1112 769
1696 268
1922 24
1802 196
1188 587
1058 400
1358 177
1143 256
1040 607
1113 132
1156 592
1193 16
1026 76
1302 553
1316 1
1616 174
1280 193
1968 10
1088 388
1058 268
1168 0
1049 34
1857 36
1795 80
1082 5
1040 37
1488 41
1039 416
1312 525
1062 184
1329 586
1101 672
1028 608
1184 520
1099 400
1096 32
1094 136
1030 344
1169 970
1188 769
1608 1
1171 544
1032 754
1552 315
1312 129
1152 13
1632 409
1024 14
1168 806
1040 994
1109 2
1287 752
1024 20
1048 515
1109 258
1283 16
1954 17
1089 56
1638 400
1852 192
1360 768
1065 212
1042 352
1633 0
1541 2
1120 777
1284 0
1104 930
1536 163
1056 922
1058 384
1344 6
1189 80
1688 68
1088 410
1056 607
1268 0
1152 582
1026 64
1250 517
1057 386
1415 512
1152 2
1209 582
1392 130
1356 674
1888 143
1541 360
1098 784
1408 556
1546 32
1033 576
1152 48
1617 258
1808 40
1290 564
1152 838
1443 8
1157 624
1569 148
1096 801
1593 210
1547 288
1125 786
1602 1
1104 556
1292 65
1536 168
1536 1015
1874 172
1570 8
1072 0
1028 32
1234 100
1568 407
1025 168
1032 516
1322 20
1057 664
1761 270
1289 32
1032 128
1600 287
1040 517
1606 264
1604 130
1030 961
1060 593
1415 560
1080 71
1408 4
1547 4
1029 32
1666 124
1068 2
1024 512
1059 848
1042 5
1282 720
1218 0
1282 480
1514 17
1872 2
1156 109
2011 0
1158 512
1558 425
1048 34
1040 97
1952 67
1557 130
1024 408
1332 515
1728 26
1759 0
1298 576
1216 129
1289 644
1293 50
1187 320
1026 549
1548 100
1796 97
1026 532
1344 20
1627 98
1074 128
1036 819
1191 8
1696 195
1536 5
1216 128
1216 825
1036 561
1234 260
1216 782
1376 3
1577 146
1718 264
1558 77
1049 932
1096 384
1156 874
1697 0
1032 1
1184 836
1361 20
1169 806
1345 176
1760 5
1177 594
1312 11
1446 529
1024 522
1032 36
1692 33
1120 221
1047 129
1174 353
1032 320
1042 9
1664 33
1257 530
1112 677
1032 148
1569 64
1062 20
1316 9
1314 192
1161 258
1683 584
1032 800
1108 164
1957 26
1025 82
1254 393
1029 434
1550 176
1512 528
1074 0
1546 37
1088 533
1060 512
1024 913
1025 556
1108 169
1107 52
1027 20
1121 658
1037 34
1280 716
1280 589
1065 274
1428 10
1920 65
1062 201
1376 128
1141 2
1152 618
1028 800
1190 260
1028 72
1355 0
1216 265
1024 623
1090 745
1605 128
1298 721
1185 516
1972 73
1089 774
1441 4
1296 552
1569 264
1668 83
1024 546
1025 272
1784 257
1601 18
1316 1
1052 608
1076 387
1153 66
1794 24
1060 0
1281 100
1316 147
1106 1
1191 336
1024 394
1028 360
1240 32
1061 778
1539 192
1592 4
1156 282
1795 52
1028 585
1544 244
1564 128
1204 512
1344 149
1104 556
1034 673
1060 336
1192 368
1545 80
1128 134
1764 10
1584 193
1160 16
1536 98
1152 779
1072 70
1412 616
1284 600
1088 658
1088 47
1054 560
1040 8
1091 4
1032 368
1141 674
1545 256
1033 276
1060 361
1158 601
1033 176
1320 532
1696 264
1035 608
1680 33
1205 322
1536 314
1060 474
1153 260
1145 516
1154 272
1227 536
1169 324
1062 128
1097 274
1025 8
1161 18
1537 2
1665 10
1369 0
1072 512
1312 704
1732 33
1804 1
1106 800
1344 48
1552 362
1033 496
2032 11
1344 46
1042 265
1040 6
1124 8
1541 128
1297 170
1160 562
1032 209
1184 20
1345 20
1536 193
1329 140
1062 656
1096 689
1559 258
1588 329
1804 0
1048 355
1329 520
1224 309
1062 604
1798 69
1044 131
1735 568
1289 562
1538 32
1088 673
1536 58
1041 590
1041 266
1125 24
273 3110
198 3640
544 3468
8 3302
34 3601
260 3659
105 3984
648 3424
8 3707
432 3594
4 3858
66 3088
19 3624
288 3726
448 3128
17 3786
578 3120
968 3332
390 3200
64 3848
81 3118
648 3440
256 3650
0 3298
648 3110
4 3096
33 3652
32 3213
916 3072
120 3584
292 3673
4 3344
106 3840
0 3792
536 3457
88 3718
17 3400
81 3872
11 3586
21 4066
773 3272
4 3411
664 3073
133 3842
385 3072
16 3909
105 3730
144 3113
260 3217
464 3074
322 3592
148 3618
1 3138
224 3096
576 3233
12 4075
528 3139
416 3601
357 3712
0 3076
274 3265
147 3872
232 3073
16 3182
450 3588
756 3073
14 3072
64 3109
798 3137
568 3076
38 3096
528 3500
2 3141
784 3206
128 3622
105 3584
72 3745
672 3141
502 3596
550 3266
451 3076
897 3162
74 3073
64 3463
520 3187
231 3088
672 3074
48 3150
588 3362
135 3728
256 3203
281 3584
695 3074
28 3328
168 3136
544 3096
16 3147
516 3080
260 3266
64 3871
98 3856
138 3109
64 3723
0 3202
18 3076
649 3140
3 3136
320 3764
312 3143
48 3663
520 3364
384 3594
3 3480
0 3456
608 3339
132 3432
32 3604
35 3600
521 3094
21 3264
376 3087
40 4007
48 3072
0 3526
129 3072
388 3137
513 3266
992 3073
69 3082
33 3080
266 3680
139 3584
32 3650
544 3400
604 3491
150 3184
72 3329
600 3456
512 3551
593 3460
0 3328
260 3080
0 3974
96 3585
270 3760
268 3152
385 3170
258 3601
21 3744
520 3142
208 3072
4 3792
320 3618
156 3328
129 3636
528 3145
128 3168
36 3994
0 3079
386 3100
528 3075
168 3584
786 3304
89 3616
81 3204
48 3584
6 3232
37 3080
450 3593
12 3888
314 3073
328 3586
158 3425
93 3488
274 3141
264 3207
561 3202
16 3264
74 3972
70 3629
164 3090
516 3072
52 3330
431 3584
32 3853
784 3105
633 3076
211 3328
707 3116
516 3585
433 3594
301 3282
72 3507
33 3910
4 3777
82 4000
236 3329
388 3602
455 3072
25 3552
404 3648
17 3268
132 3392
18 3493
4 3776
0 3448
66 3346
490 3593
1 3392
128 3879
80 3975
832 3640
16 3590
512 3974
515 3136
17 3076
326 3608
148 3106
704 3360
544 3416
776 3190
6 3368
771 3186
2 3936
322 3072
73 3130
48 3140
0 3468
136 3650
40 3280
388 3696
20 3329
82 3596
512 3313
160 3416
6 3560
105 3458
68 3209
80 3727
0 3218
649 3430
280 3776
128 3384
160 3352
772 3210
100 3587
512 3073
800 3209
2 3904
1 3080
66 3736
103 3208
488 3074
768 3348
24 3552
601 3104
45 3392
8 3136
514 3249
128 3112
278 3144
80 3982
132 3840
2 3713
546 3421
0 3241
514 3304
208 3329
0 3241
552 3332
576 3249
702 3717
529 3336
12 3088
144 3876
352 3099
548 3089
256 3649
528 3242
6 3152
560 3243
32 3296
137 3332
657 3360
18 3289
128 3688
898 3076
71 3216
131 3332
138 3072
368 3204
72 3233
106 3456
106 3857
120 3587
7 3088
132 3080
520 3507
538 3201
516 3120
25 3620
777 3108
8 3669
155 3072
170 3156
288 3084
642 3356
259 3144
32 3778
516 3216
642 3193
0 3540
261 3712
98 3088
912 3097
218 3665
571 3200
194 3844
256 3636
160 3088
456 3382
96 3968
3 3412
622 3072
10 3220
769 3224
357 3594
68 3848
130 3650
144 3074
808 3088
384 3684
512 3112
656 3366
140 3072
584 3120
864 3087
264 3424
0 3844
924 3424
68 3080
272 3169
322 3204
512 3221
64 3333
288 3664
8 3136
384 3616
302 3649
10 3184
651 3184
65 3350
36 3915
3 3524
388 3082
16 3240
36 3778
320 3601
576 3364
129 3896
280 3683
129 3080
772 3232
97 3742
522 3108
17 3336
16 3298
18 3648
20 3680
18 3617
915 3144
0 3401
0 3458
132 3082
259 3712
42 3668
673 3152
11 3076
32 3654
585 3216
261 3226
576 3076
256 3405
512 3393
10 3249
480 3090
544 3302
527 3200
512 3086
779 3156
174 3392
13 3106
97 3200
34 3336
704 3330
580 3121
640 3330
64 3595
4 3424
528 3398
15 3088
546 3345
226 3353
385 3140
137 3122
256 3181
676 3097
12 3232
385 3168
672 3329
0 3108
34 4057
98 3405
81 3341
562 3149
75 3616
576 3236
640 3132
64 4020
2 3105
20 3848
394 3076
16 4066
384 3396
138 3344
649 3350
266 3633
114 3585
629 3080
714 3365
4 3329
2 3968
914 3112
195 3584
0 3208
401 3598
288 3072
338 3112
32 3211
610 3096
772 3265
2 3074
402 3589
705 3368
264 3621
256 3686
34 3604
204 3847
0 3702
103 3344
64 3364
356 3073
589 3248
896 3099
6 3760
588 3072
128 3098
25 3648
48 3840
257 3233
401 3078
77 3120
512 3392
513 3158
576 3073
2 3553
162 3592
129 3794
22 3081
624 3073
396 3329
266 3137
18 3332
161 3598
0 3392
192 3632
320 3715
88 3968
804 3074
200 3089
160 3914
136 3088
45 3328
272 3203
66 3344
0 3527
82 3072
448 3078
176 3077
12 3072
112 3076
526 3200
1 3314
176 3598
768 3073
117 3968
18 3521
518 3080
40 3137
8 3074
132 3873
2 3644
525 3440
219 3616
545 3340
195 3128
669 3072
771 3148
13 3216
529 3082
290 3209
352 3091
17 3404
930 3093
771 3120
552 3274
34 3161
84 3592
376 3074
145 3844
656 3145
16 3911
437 3136
4 3096
48 3658
219 3104
0 3932
33 3332
774 3265
3 3652
164 3656
258 3088
322 3097
261 3136
163 3072
34 3080
528 3332
194 3864
560 3205
168 3330
132 3331
204 3136
386 3076
84 3968
384 3686
144 3618
864 3223
57 3712
736 3076
32 3101
520 3413
84 3464
257 3072
270 3585
96 3628
545 3202
32 3990
548 3531
3 4024
136 3588
768 3644
576 3360
157 3328
144 3627
23 3138
597 3208
5 3122
16 3268
64 3255
52 3073
776 3169
17 3328
432 3080
83 3104
73 3468
8 3616
176 3361
256 3120
0 3625
622 3201
160 3089
66 4016
98 3968
528 3232
0 3073
132 3139
17 3328
580 3088
725 3080
517 3328
321 3086
572 3073
258 3636
96 3602
556 3330
4 3425
790 3168
233 3074
591 3073
65 3722
130 3073
512 3249
128 3710
760 3078
712 3860
162 3328
300 3132
768 3145
8 3589
712 3105
321 3112
64 3336
172 3089
570 3072
69 3466
0 3848
175 3152
648 3365
138 3617
691 3328
672 3153
434 3136
128 3604
17 3782
768 3074
66 3336
152 3648
544 3086
704 3096
278 3081
130 3112
424 3652
32 3484
418 3584
800 3094
56 3139
518 3097
512 3428
452 3072
420 3201
34 3657
135 3072
288 3165
774 3617
277 3138
4 3931
516 3473
823 3272
417 3608
128 3880
16 3114
609 3330
310 3713
266 3541
18 3144
8 3184
513 3218
611 3072
582 3096
128 3904
6 3648
128 3413
194 3345
33 3094
292 3139
416 3156
274 3784
0 3217
66 3469
657 3334
160 3149
51 3468
5 3416
4 3664
4 3112
263 3656
256 3228
137 3076
46 3089
186 3072
576 3078
532 3566
526 3472
16 3594
0 3436
612 3329
576 3513
513 3460
273 3816
354 3593
672 3924
256 3318
86 3469
0 3203
293 3602
0 3170
258 3209
268 3618
21 3104
3 3214
20 3203
18 3361
256 3092
24 3139
13 3682
384 3109
514 3160
516 3106
162 3345
20 3176
71 3216
191 3904
656 3144
512 3073
65 3600
20 4011
260 3241
416 3142
774 3216
65 3998
18 3269
576 3074
413 3648
503 3080
270 3073
320 3105
18 3713
66 3597
18 3652
578 3333
648 3360
320 3329
577 3090
87 4000
512 3572
304 3082
0 3664
2 3576
59 3972
386 3113
129 3116
144 3592
97 3720
610 3221
276 3232
428 3138
59 3620
675 3072
68 3744
546 3328
65 3080
64 3364
276 3649
34 3653
288 3210
48 3078
208 3134
537 3104
2 3140
0 3875
0 3718
264 3586
0 3757
512 3197
870 3096
112 3624
816 3153
72 3218
138 3633
4 3272
785 3212
97 3090
517 3842
160 3332
211 3840
906 3088
531 3136
768 3125
450 3088
25 3590
92 3491
708 3370
136 3637
2581 1528
2152 1165
2144 1883
2195 1096
2052 1507
2058 1060
2056 1904
2249 1808
2554 1025
2182 1072
2464 1162
2196 1318
2069 1034
2114 1280
2176 1907
2116 1409
2816 1100
2610 1025
2240 1792
2565 1040
2244 1561
2816 1155
2178 1864
2312 1559
2400 1168
2572 1296
2145 1160
2157 1026
2052 1408
2720 1546
2673 1154
2051 1032
2240 1286
2053 1256
2440 1559
2630 1432
2833 1184
2314 1568
2115 1848
2048 1488
2075 1376
2058 1648
2052 1048
2048 1994
2304 1060
2980 1043
2054 1761
2992 1033
2208 1759
2900 1061
2890 1152
2613 1160
2069 1288
2307 1608
2600 1283
2630 1075
2193 1088
2568 1030
3009 1050
2210 1280
2632 1314
2057 1344
2594 1048
2052 1978
2369 1024
2306 1068
2982 1025
2376 1570
2816 1092
2084 1297
2308 1179
2945 1342
2356 1088
2049 1056
2070 1409
2208 1113
2304 1704
2305 1107
2096 1089
2185 1024
2374 1025
2560 1122
2112 1571
2135 1056
2189 1586
2849 1226
2317 1618
2964 1096
2433 1540
2338 1672
2240 1055
2436 1584
2108 1026
2131 1312
2752 1296
2092 1024
2368 1024
2448 1096
2184 1344
2842 1088
2608 1153
2056 1280
3024 1058
2305 1536
2064 1472
2582 1448
2056 1536
2114 1189
2051 1424
2048 1041
2448 1093
2195 1856
2560 1330
2304 1682
2259 1024
2306 1041
2338 1040
2563 1092
2120 1795
2050 1664
2561 1114
2057 1586
2057 1364
2565 1504
2048 1951
2072 1733
2116 1184
2056 1073
2304 1186
2050 1848
2304 1029
2064 1538
2176 1121
2341 1032
2288 1024
2305 1144
2180 1296
2052 1394
2643 1060
2576 1158
2400 1168
2570 1297
2350 1041
2373 1154
2432 1576
2131 1154
2208 1101
2053 1600
2116 1594
2192 1542
2817 1160
2312 1600
2245 1338
2176 1352
2309 1672
2123 1184
2772 1280
2049 1216
2436 1088
2818 1177
2304 1584
2561 1482
2074 1153
2308 1233
2305 1240
2417 1666
2256 1797
2180 1328
2178 1121
2080 1230
2467 1028
2341 1024
2444 1570
2049 1474
2574 1089
2190 1088
2073 1540
2184 1025
2610 1024
2050 1880
2051 1808
2065 1156
2138 1060
2208 1044
2256 1024
2290 1289
2902 1056
2150 1560
2818 1145
2819 1040
2345 1040
2564 1098
2948 1128
2052 1473
2128 1163
2628 1297
2134 1696
2450 1548
2050 1300
2050 1060
2702 1048
2560 1191
2872 1218
2104 1089
3031 1056
2368 1040
2281 1026
3051 1024
2563 1060
2752 1342
2081 1944
2564 1088
2112 1320
2688 1280
2224 1102
2058 1236
2502 1544
2113 1546
2049 1672
2752 1338
2985 1040
2600 1478
2069 1224
2214 1561
2307 1080
2136 1281
2050 1937
2496 1081
2117 1962
2177 1148
2816 1200
2581 1448
2764 1313
2577 1216
2304 1201
2319 1616
2176 1125
2057 1830
2130 1153
2048 1666
2825 1040
2180 1368
2113 1332
2320 1170
2258 1312
2114 1920
2054 1809
2058 2001
2345 1168
2312 1061
2376 1063
3010 1048
2576 1408
2448 1028
2073 1538
2568 1168
2054 1040
2288 1158
2432 1602
2080 1811
2819 1024
2820 1248
2644 1313
2315 1264
2169 1152
2048 1184
2345 1600
2468 1032
2560 1409
2244 1056
2705 1088
2816 1089
2768 1060
2316 1600
2194 1572
2568 1281
2176 1810
2322 1248
2208 1098
2080 1609
2532 1538
2146 1580
2604 1090
2085 1536
2090 1172
2338 1041
2560 1113
2068 1544
2312 1090
2573 1152
2056 1684
2087 1345
2450 1640
3046 1032
2082 1873
2053 1330
2240 1281
2246 1424
2569 1156
2224 1868
2120 1280
2944 1106
2150 1048
2953 1120
2178 1048
2187 1556
2179 1352
2128 1953
2080 1345
2862 1152
3006 1088
2632 1042
2177 1040
2054 1768
2068 1967
2272 1053
2624 1301
2048 1411
2437 1098
2564 1032
2100 1858
2048 1310
2242 1280
2150 1024
2690 1045
2312 1044
2048 1731
2188 1584
2056 1667
2053 1160
2336 1684
2818 1028
2197 1280
2116 1040
2224 1601
2357 1024
2176 1546
2050 1648
2560 1248
2200 1346
2057 1202
2112 1029
2696 1027
2264 1538
2657 1044
2948 1290
2219 1364
2048 1660
2338 1552
2450 1025
2721 1032
2432 1124
2592 1354
2242 1033
2144 1668
2057 1028
2092 1488
2375 1024
2624 1153
2049 1484
2053 1112
2060 1299
2056 1046
2566 1360
2072 1632
2066 1517
2125 1041
2196 1376
2376 1539
2579 1068
2056 1271
2128 1034
2052 1803
2242 1072
2906 1057
2070 1281
2266 1028
2608 1034
2050 1168
2187 1073
2688 1050
2405 1042
2644 1152
3058 1024
2252 1312
2049 1474
2209 1298
2393 1668
2306 1072
2112 1162
2054 1800
2434 1064
2755 1040
2564 1097
2072 1730
2176 1100
2181 1328
2600 1110
2124 1971
2460 1121
2625 1329
2048 1641
2548 1027
2308 1075
2088 1045
2052 1456
2328 1216
2569 1136
2112 1563
2048 1440
2209 1104
2082 1472
2077 1315
2072 1952
2165 1664
2052 1561
2273 1800
2147 1800
2088 1795
2074 1828
2233 1280
2176 1376
2436 1544
2322 1220
2068 1089
2216 1029
2437 1096
2180 1889
2081 1960
2401 1236
2610 1521
2585 1056
2849 1038
2465 1054
2642 1248
2088 1283
2560 1296
2076 1057
2066 1828
2836 1090
2642 1025
2145 1692
2300 1664
2052 1704
2626 1289
2832 1285
2736 1112
2944 1120
2268 1026
2896 1026
2368 1024
2048 1328
2435 1028
2063 1552
2341 1538
2053 1744
2880 1076
2213 1282
2081 1042
2700 1030
2097 1800
2096 1794
2368 1293
2377 1570
2048 1772
2080 1920
2627 1040
2180 1553
2389 1536
2304 1680
2662 1312
2577 1038
2314 1249
2224 1638
2579 1412
2067 1024
2076 1057
2069 1490
2070 1320
2584 1028
2120 1300
2058 1344
2060 1633
2070 1288
2176 1551
2390 1665
2212 1858
2609 1290
2368 1173
2066 1388
2122 1489
2274 1600
2097 1414
2880 1037
2329 1088
2952 1057
2116 1699
2570 1397
2178 1992
2048 1944
2082 1537
2059 1284
2599 1040
2504 1024
2048 1173
2361 1216
2596 1050
2183 1904
2113 1556
2688 1292
2628 1296
2068 1227
2048 1538
2064 1472
2305 1058
2237 1026
2563 1220
2371 1580
2319 1664
2113 1920
2304 1548
2337 1106
2191 1584
2320 1609
2178 1616
2126 1056
2435 1054
2056 1120
2068 1866
2224 1807
2160 1035
2240 1030
2128 1536
2416 1674
2433 1098
2388 1568
2048 1281
2050 1360
2088 1430
2596 1473
2184 1344
2588 1283
2562 1193
2560 1093
2120 1168
2312 1648
2049 1340
2652 1153
2437 1536
2160 1068
2832 1188
2067 1096
2104 1024
2616 1026
2052 1611
2081 1616
2368 1204
2232 1280
2276 1665
2064 1900
2196 1379
2192 1088
2586 1024
2048 1738
2708 1067
2343 1296
2048 1594
2312 1541
2690 1148
2158 1792
2873 1154
2064 1125
2624 1340
2168 1543
2449 1134
2112 1676
2096 1609
2309 1650
2322 1064
2313 1122
2688 1136
2048 1842
2203 1792
2112 1076
2060 1106
2560 1512
2192 1568
2466 1093
2380 1057
2088 1542
2065 1156
2148 1795
2104 1345
2170 1280
2124 1666
2852 1219
2244 1040
2255 1320
2202 1317
2160 1181
2364 1154
2192 1125
2484 1088
2176 1094
2104 1280
2064 1025
2053 1128
2178 1044
2560 1466
2097 1090
2061 1792
2193 1286
2316 1089
2562 1032
2090 1025
2105 1876
2884 1048
2373 1802
2048 1042
2160 1280
2058 1175
2145 1054
2186 1824
2695 1320
2327 1152
2465 1546
2054 1040
2056 1072
2140 1056
2375 1576
2596 1181
2439 1048
2178 1624
2572 1409
2449 1024
2113 1536
2064 1028
2369 1074
2576 1128
2154 1168
2976 1040
2309 1152
2373 1027
2336 1605
2178 1089
2066 1196
2437 1610
2050 1456
2054 1536
2049 1412
2097 1668
2660 1218
2274 1288
2048 1120
2059 1732
2053 1496
2832 1060
2620 1024
2113 1288
2638 1296
2083 1024
2064 1060
2060 1433
2049 1314
2096 1024
2056 1972
3030 1032
2633 1044
2372 1538
2179 1184
2626 1294
2373 1544
2114 1189
2360 1602
2240 1802
2560 1304
2248 1063
2186 1536
2221 1552
2114 1452
2456 1666
2125 1552
2200 1025
2973 1024
2304 1600
2690 1065
2370 1536
2862 1024
2224 1866
2576 1506
2764 1075
2309 1112
3060 1024
2586 1281
2792 1298
2322 1152
2200 1537
2053 1176
2058 1136
2592 1118
2472 1046
2113 1488
2071 1184
2113 1082
2592 1304
2100 1025
2096 1540
2593 1294
2112 1284
2993 1098
2177 1606
2128 1312
2444 1538
2066 1728
2320 1033
2147 1032
2179 1060
2801 1280
2304 1761
2128 1318
2336 1034
2130 1504
2564 1323
2292 1538
2337 1682
2564 1025
2112 1922
2048 1693
2192 1310
2178 1288
2433 1330
2128 1472
2052 1816
2218 1044
2788 1282
2852 1152
2087 1152
2560 1174
2093 1538
2144 1553
2058 1088
2080 2000
2058 1538
2760 1057
2928 1024
2178 1317
2066 1664
2400 1163
2192 1344
2706 1097
2562 1188
2081 1928
2048 1446
2132 1568
2320 1041
2342 1041
2052 1097
2401 1032
2437 1104
2308 1664
2180 1024
2084 1690
2825 1252
2081 1158
2348 1539
2050 1840
2640 1057
2241 1074
2193 1094
2248 1314
2995 1088
2264 1546
2305 1608
2821 1056
2454 1056
2068 1290
2176 1542
2400 1041
2264 1575
2331 1024
2880 1041
2276 1554
2192 1025
2361 2626
2734 2049
2765 2358
2358 2689
2319 2752
2049 2050
2837 2179
2096 2824
2068 2402
2492 2049
2080 2584
2082 2320
2055 3008
2337 2568
2137 2178
2192 2562
2578 2249
2181 2392
2053 2386
2488 2113
2058 2848
2689 2380
2738 2310
2624 2227
2379 2704
2314 2692
2568 2119
2861 2242
2707 2336
2192 2307
2458 2656
2760 2071
2114 2993
2312 2689
2108 2113
2064 2147
2137 2048
2321 2176
2581 2121
2210 2180
2336 3084
2210 3584
2310 3689
2786 3328
2112 3216
2357 3720
2456 3650
2312 3632
2067 3432
2596 3090
2628 3072
2690 3108
2562 3425
2060 3075
2568 3106
2892 3201
2648 3108
2053 3760
2444 3104
2088 3074
2416 3211
2056 3472
2880 3228
2377 3088
2580 3433
1285 1664
1540 1024
1110 1825
1795 1204
1035 1688
1606 1129
1033 1556
1056 1536
1090 1825
1204 1600
1540 1473
1289 1618
1088 1302
1832 1153
1154 1556
1314 1240
1096 1329
1552 1130
1576 1285
1065 1746
1328 1672
1362 1697
1064 1117
1221 1544
1163 1840
1626 1412
1337 1536
1954 1545
1924 1029
1157 1536
1216 1302
1028 1739
1536 1047
1536 1216
1881 1060
1120 1292
1593 1024
1152 1880
1032 1411
1032 1093
1280 2157
1289 2208
1096 2711
1416 2642
1281 2090
1312 2116
1029 2954
1046 2560
1153 2604
1120 2304
1192 2306
1024 2996
1024 2146
1026 2583
1667 2400
1564 2306
1028 2560
1540 2369
1032 2816
1024 2216
1024 2064
1763 2056
1796 2064
1927 2152
1088 2096
1281 2246
1029 2760
1089 2058
1088 2195
1633 2176
1026 2321
1218 2877
1154 2148
1088 2691
1157 2114
1224 2081
1304 2148
1397 2050
1312 2072
1125 2330
1330 2120
1161 2068
1047 2441
1033 2692
1441 2048
1314 2181
1804 2112
1164 2097
1120 2078
1105 2100
1248 2577
1168 2048
1056 2506
1088 2830
1096 2065
1120 2049
1042 2912
1189 2130
1065 2052
1154 2897
1284 2112
1058 2069
1032 2337
1254 2312
1568 2078
1312 2644
1296 2114
1057 2130
1054 2656
1156 2632
1344 2096
1521 2568
1536 2048
1200 2563
1025 2186
1325 2704
1221 2714
1568 2129
1347 2576
1569 2126
1096 2065
1707 2048
1382 2072
1024 2056
1152 2071
1024 2056
1569 2048
1106 2817
1593 2304
1484 2080
1166 2064
1576 2204
1443 2048
1024 2627
1345 2226
1207 2058
1116 2819
1728 2340
1088 2368
1461 2624
1310 2116
1296 2753
1815 2088
1189 2122
1344 2569
1161 2898
1142 2824
1027 2488
1072 2050
1264 2057
1841 2196
1580 2753
1216 2100
1025 2154
1077 2944
1536 2503
1604 2176
1792 2180
1651 2056
1550 2225
1088 2306
1026 2357
1152 2054
1067 2176
1042 2181
1440 2049
1569 2306
1110 2569
1284 2074
1283 2104
1552 2383
1116 2240
1028 2720
1192 2391
1672 2112
1280 2704
1330 2061
1430 2081
1285 2176
1024 2753
1311 2208
1085 2626
1185 2124
1088 2067
1026 2400
1545 2322
1344 2220
1076 2371
1161 2112
1568 2057
1302 2656
1550 2368
1152 2061
1832 2052
1027 2064
1170 2600
1192 2752
1450 2129
1088 2186
1800 2133
1116 2050
1056 2580
1158 2384
1318 2560
1690 2081
1033 2464
1728 2072
1536 2426
1112 2086
1152 2841
1505 2574
1153 2126
1028 2318
1057 2628
1156 2242
1296 2764
1656 2432
1099 2448
1664 2428
1049 2628
1873 2220
1137 2692
1736 2100
1042 2304
2016 2048
1324 2257
1921 2135
1025 2800
1584 2311
1025 2376
1795 2056
1330 2061
1536 2176
1536 2402
1432 2084
1552 2344
1792 2300
1076 2049
1520 2053
1568 2128
1443 2116
1044 2441
1232 2851
1059 2376
1665 2306
1667 2624
1472 2572
1142 2952
1446 2073
1090 2056
1632 2058
1065 2112
1624 2469
1026 2497
1344 2082
1121 2580
1168 2088
1041 2118
1025 2082
1062 2258
1027 2160
1668 2394
1184 2314
1031 2216
1601 2310
1209 2308
1024 2642
1026 2568
1024 2592
1556 2312
1288 2695
1026 2204
1320 2560
1248 2058
1400 2823
1184 2578
1544 2481
1200 2565
1545 2082
1232 2088
1280 2188
1025 2064
1542 2081
1044 2952
1217 2340
1600 2048
1368 2086
1700 2322
1269 2818
1472 2560
1088 2602
1028 2560
1137 2564
1745 2304
1224 2070
1841 2176
1216 2344
1283 2665
1797 2248
1169 2570
1164 2610
1602 2057
1032 2371
1112 2052
1424 2056
1648 2062
1280 2208
1166 2305
1484 2640
1031 2464
1104 2439
1456 2816
1728 2083
1537 2386
1285 2192
1111 2720
1056 2120
1032 2423
1616 2084
1551 2272
1064 2064
1049 2114
1308 2209
1028 2584
1536 2177
1074 2193
1152 2896
1056 2901
1082 2500
1867 2048
1027 2120
1096 2304
1308 2624
1548 2208
1296 2305
1557 2282
1024 2544
1570 2256
1296 2722
1105 2659
1058 2888
1600 2085
1064 2643
1536 2355
1120 2055
1232 2051
1026 2630
1122 2448
1041 2182
1101 2082
1040 2081
1580 2130
1321 2112
1043 2508
1344 2233
1730 2080
1064 2274
1704 2387
1570 2056
1096 2944
1052 2048
1112 2468
1148 2178
1025 2252
1346 2056
1040 2049
1569 2444
1034 2181
1570 2125
1112 2319
1474 2257
1024 2201
1026 2496
1368 2468
1028 2064
1736 2353
1305 2720
1641 2176
1537 2078
1548 2066
1174 2344
1985 2092
1024 2208
1672 2081
1152 2072
1264 2127
1552 2499
1570 2056
1037 2818
1040 2453
1233 2592
1540 2331
1048 2564
1024 2754
1123 2832
1024 2845
1092 2186
1538 2088
1316 2064
1548 2304
1024 2049
1890 2176
1445 2562
1296 2088
1292 2144
1585 2056
1158 2825
1362 2085
1420 2080
1040 2088
1297 2048
1288 2150
1824 2128
1284 2080
1352 2052
1568 2049
1334 2056
1736 2065
1568 2048
1556 2465
1102 2592
1419 2628
1552 2114
1284 2640
1040 2179
1157 2856
1154 2404
1024 2117
1042 2080
1283 2192
1132 2691
1290 2080
1792 2103
1584 2048
1056 2200
1090 2733
1426 2057
1792 2475
1421 2802
1514 2054
1088 2056
1793 2150
1539 2064
1104 2057
1064 2577
1634 2057
1174 2344
1664 2124
1569 2264
1281 2146
1351 2616
1564 2400
1537 2180
1027 2468
1025 2946
1052 2112
1560 2274
1154 2172
1041 2304
1035 2308
1104 2208
1952 2114
1545 2144
1552 2124
1033 2624
1537 2276
1065 2704
1098 2176
1187 2084
1024 2738
1168 2368
1088 2068
2019 2060
1568 2064
1728 2064
1632 2324
1685 2146
1161 2560
1185 2818
1809 2280
2020 2059
1156 2816
1236 2304
1538 2384
1317 2248
1552 2310
1157 2562
1248 2306
1296 2184
1416 2117
1226 2084
1905 2054
1160 2579
1152 2930
1664 2096
1152 2319
1666 2122
1185 2130
1648 2310
1552 2084
1696 2385
1570 2136
1435 2592
1569 2178
1177 2050
1052 2915
1234 2569
1040 2595
1761 2306
1572 2115
1216 2576
1283 2628
1312 2182
1600 2343
1436 2051
1024 2164
1540 2178
1104 2573
1152 2912
1857 2084
1892 2056
1100 2307
1090 2184
1600 2472
1664 2304
1032 2357
1360 2107
1235 2820
1130 2451
1325 2176
1344 2690
1312 2178
1636 2056
1539 2088
1024 2144
1157 2058
1285 2048
1283 2580
1168 2310
1088 2066
1057 2969
1025 2850
1296 2275
1217 2566
1028 2378
1536 2344
1187 2076
1057 2316
1028 2131
1890 2176
1285 2218
1198 2049
1104 2080
1217 2090
1548 2112
1288 2083
1026 2704
1036 2384
1089 2696
1299 2696
1072 2692
1536 2402
1152 2380
1059 2068
1536 2052
1556 2314
1254 2304
1152 2588
1024 2344
1792 2244
1026 2305
1538 2176
1032 2054
1536 2085
1172 2113
1698 2137
1396 2050
1544 2116
1728 2343
1712 2306
1156 2601
1224 2848
1565 2080
1024 2817
1545 2148
1280 2053
1608 2071
1538 2541
1280 2506
1280 2620
1600 2308
1056 2442
1028 2826
1040 2824
1344 2184
1541 2056
1938 2077
1544 2048
1121 2842
1032 2197
1392 2048
1030 2337
1617 2082
1153 2104
1026 2616
1064 2064
1088 2833
1024 2217
1428 2090
1044 2219
1168 2947
1056 2120
1160 3058
1312 2247
1944 2085
1118 2688
1508 2048
1282 2729
1160 2625
1416 2624
1031 2056
1434 2565
1633 2304
1099 2176
1618 2432
1028 2144
1059 2048
1188 2882
1064 2710
1561 2118
1059 2112
1042 2729
1174 2664
1546 2145
1786 2053
1792 2096
1192 2066
1136 2568
1280 2122
1481 2822
1057 2898
1058 2581
1539 2500
1554 2176
1090 2332
1694 2305
1041 2516
1056 2139
1025 3026
1640 2306
1044 2216
1336 2569
1160 2579
1450 2116
1136 2570
1160 2306
1673 2048
1137 2434
1626 2436
1226 2597
1728 2223
1032 2051
1026 2720
1156 2132
1026 2072
1546 2512
1450 2065
1570 2120
1384 2053
1050 2597
1120 2330
1668 2048
1605 2186
1286 2776
1298 2088
1184 2822
1379 2564
1031 2160
1161 2854
1290 2252
1041 2080
1826 2056
1149 2050
1920 2171
1384 2180
1329 2050
1030 2433
1545 2402
1297 2176
1041 2886
1684 2153
1665 2424
1136 2177
1608 2064
1920 2100
1107 2440
1792 2112
1696 2376
1218 2836
1248 2568
1280 2786
1582 2432
1173 2824
1347 2728
1824 2138
1541 2320
1539 2384
1184 2579
1296 2568
1025 2258
1254 2065
1025 2956
1245 2048
1057 2386
1044 2728
1316 2064
1050 2880
1044 2058
1024 2576
1164 2336
1720 2371
1921 2103
1109 2088
1648 2443
1697 2072
1040 2633
1152 2626
1037 2976
1328 2697
1044 2442
1582 2177
1098 2337
1024 3026
1290 2628
1546 2113
1686 2137
1538 2048
1346 2196
1126 2316
1344 2074
1038 2561
1824 2200
1096 2596
1684 2049
1116 2979
1056 2242
1162 2848
1050 2048
1189 2824
1280 2142
1093 2586
1024 2048
1303 2152
1760 2084
1120 2306
1188 2048
1072 2315
1040 2758
1584 2048
1945 2054
1026 2708
1032 2065
1328 2178
1042 2156
1068 2881
1024 2240
1536 2318
1025 2594
1037 2592
1105 2214
1056 2320
1548 2098
1126 2185
1362 2060
1144 2308
1072 2376
1024 2728
1520 2561
1672 2340
1100 2864
1569 2240
1052 2689
1173 2338
1821 2080
1281 2052
1152 2156
1552 2436
1088 2089
1544 2085
1042 2564
1824 2256
1280 2089
1362 2605
1554 2444
1546 2372
1314 2112
1180 2656
1608 2052
1925 2104
1167 2064
1314 2048
1028 2976
1536 2338
1027 2648
1834 2052
1033 2946
1093 2320
1088 2946
1344 2064
1792 2627
1536 2115
1312 2051
1040 2274
1072 2052
1813 2696
1729 2336
1156 2581
1032 2435
1224 2576
1568 2438
1193 2564
1280 2628
1314 2372
3456 8
3200 328
3329 4
3072 242
3073 230
3207 544
3585 268
3136 128
3745 282
3654 280
4051 12
3334 576
3082 452
3144 672
3845 130
3594 130
3138 520
3073 556
3148 672
3330 8
3518 70
3112 277
3280 523
3091 160
3330 41
3090 96
3982 0
3489 584
3202 24
3138 69
3141 802
3136 441
3520 26
3072 264
3844 16
3136 0
3074 144
3268 522
3074 544
3811 24
3088 490
3368 148
3075 864
3329 710
3076 145
3526 513
3073 468
3357 64
3201 540
3284 768
3080 289
3166 544
3857 8
3296 524
3520 514
3328 32
3080 130
3728 325
3082 84
3521 544
3892 3
3074 20
3088 138
3160 771
3862 9
3597 256
3081 534
3595 60
3652 128
3176 272
3106 784
3912 163
3074 556
3221 64
3094 353
3221 786
3388 67
3232 464
3153 646
3657 130
3585 98
3986 36
3658 385
3363 604
3328 54
3328 136
3944 16
3653 400
3600 105
3681 140
3890 64
3072 596
3138 684
3072 414
3204 538
3082 640
3082 529
3362 153
3140 432
3265 544
3956 128
3584 454
3080 2
3884 64
3144 806
3072 602
3104 834
3142 160
3284 515
3331 188
3074 24
3076 136
3073 16
3241 256
3888 192
3592 4
3139 384
3072 41
3072 768
3162 901
3456 593
3716 457
3101 514
3081 4
3127 256
4000 321
3137 640
3203 616
3356 672
3592 403
3410 640
3084 304
3108 200
3200 370
3172 1
3344 578
3082 581
3200 618
3104 648
3584 52
3081 272
3080 355
3111 512
3402 48
3200 578
3137 34
3846 224
3740 0
3137 794
3240 19
3257 6
3394 688
3585 174
3536 4
3874 20
3910 128
3750 81
3585 484
3216 684
3716 74
3086 129
3107 644
3616 82
3221 360
3624 149
3242 528
3354 65
3076 19
3088 715
3220 322
3421 130
3840 32
3689 256
3362 8
3596 267
3730 328
3328 645
3128 320
3840 9
3273 32
3074 736
3080 288
3074 780
3088 66
3589 130
3360 22
3106 404
3360 85
3598 210
3098 416
3212 304
3784 292
3404 656
3336 50
3648 139
3586 292
3336 146
3380 650
3267 516
3331 96
3344 104
3255 104
3136 787
3240 899
3424 152
3123 776
3984 40
3585 340
3402 164
3732 328
3872 11
3593 0
3105 538
3616 264
3505 518
3204 67
3343 0
3793 36
3248 75
3074 549
3152 256
3172 387
3596 267
3860 195
3089 490
3088 523
3097 5
3392 672
3396 134
3905 18
3105 772
3074 128
3458 56
3134 449
3072 264
3808 266
3136 36
3094 104
3090 357
3081 678
3082 1
3076 144
3328 297
3840 83
3200 3
3344 640
3856 8
3907 8
3248 259
3408 644
3586 157
3090 512
3172 769
3585 334
3708 385
3075 540
3253 64
3713 338
3088 872
3072 289
3176 768
4009 86
3346 96
3656 167
3237 776
3715 300
3287 0
3776 24
3125 640
3425 528
3176 260
3732 0
3120 14
3216 32
3136 911
3365 648
3642 196
3091 32
3338 852
3585 8
3100 66
3328 521
3202 17
3888 130
3106 668
3072 0
3327 0
3432 6
3584 156
3208 336
3677 130
3725 322
3074 440
3912 129
4050 45
3104 544
3107 320
3671 168
3120 135
3076 0
3735 40
3365 0
3972 10
3104 643
3340 211
3072 0
3672 128
3344 682
3334 224
3457 512
3593 52
3232 533
3361 606
3226 832
3088 771
3084 161
3346 101
3344 130
3203 512
3295 256
3781 346
4067 256
3458 73
3636 130
3146 1
3072 704
3075 28
3982 16
3427 152
3776 256
3888 67
3104 256
3393 548
3088 0
3110 264
3595 288
3200 35
3192 643
3340 643
3648 152
3104 261
3299 40
3220 774
3100 546
3776 36
3106 85
3081 272
3300 16
3247 852
3128 67
3909 0
3760 323
3092 26
3156 168
3201 64
3849 0
3200 20
3202 852
3108 23
3329 522
3137 944
3272 35
3078 296
3712 321
3334 721
3154 41
3335 192
3367 216
3744 0
3173 640
3084 146
3100 768
3329 606
3072 267
3808 520
3328 130
3328 8
3080 768
3139 556
3073 178
3715 84
3346 192
3600 517
3848 1
3084 530
3182 641
3104 916
3208 292
3080 613
3208 1
3459 12
3722 34
3275 768
3329 0
3084 400
3273 513
3968 616
3396 673
3336 19
3141 440
3344 519
3104 7
3271 24
3619 20
3152 6
3596 400
3332 2
3104 22
3236 19
3241 336
3331 248
3136 772
3690 257
3085 256
3524 8
3156 384
3172 787
3120 201
3089 654
3440 647
3460 512
3078 881
3228 800
3151 304
3084 593
3178 129
3248 330
3224 128
3840 93
3784 17
3073 370
3136 529
3264 6
3584 189
3607 352
3080 513
3361 580
3073 492
3597 64
3648 31
3136 414
3269 568
3104 641
3840 78
3328 208
3200 47
3842 200
3360 591
3353 580
3360 144
3712 260
3104 81
3172 393
3208 832
3594 53
3430 521
3202 777
3588 0
3328 512
3331 128
3089 98
3585 324
3072 352
3835 128
3074 428
3074 648
3944 28
3220 0
3875 192
3216 32
3331 528
3616 207
3472 73
3334 576
3344 131
3200 544
3074 584
3209 288
3120 768
3136 168
3808 260
3350 544
3105 90
3097 320
3334 160
3086 864
3130 193
3237 90
3210 581
3592 69
3508 547
3145 918
3328 527
3616 157
3392 128
3681 406
3108 586
3210 81
3850 21
3344 134
3928 35
3114 5
3346 744
3777 18
3136 443
3463 16
3340 2
3332 64
3146 289
3073 262
3202 284
3464 620
4064 22
3612 262
3793 6
3426 29
3459 624
3857 102
3328 255
3332 48
3368 151
3748 2
3164 544
3330 89
3591 816
3104 772
3088 196
3072 642
3138 296
3200 4
3402 516
3689 6
3412 673
3088 73
3072 448
3106 780
3116 913
3155 8
3093 136
3468 67
3216 833
3072 339
3112 143
3144 176
3905 0
3074 144
3605 32
3638 145
3841 4
3145 528
3648 33
3240 320
3848 34
3687 0
3360 206
3214 320
3352 548
3136 38
3617 128
3072 298
3462 512
3080 290
3456 532
3192 257
3875 81
3076 312
3088 289
3618 264
3073 12
3616 324
3610 3
3138 56
3072 64
3538 0
3189 140
3072 10
3601 204
3844 74
3746 5
3217 362
3336 198
3108 16
3590 48
3232 542
3602 32
3213 546
3090 0
3592 388
3665 6
3106 512
3129 576
3605 106
3073 32
3232 328
3154 512
3082 768
3137 12
3717 0
3272 515
3245 320
3424 642
3201 19
3848 144
3777 54
3386 128
3267 296
3841 80
3234 89
3345 224
3737 2
3972 25
3358 0
3905 4
3236 531
3744 784
3072 984
3843 12
3137 136
3233 66
3410 41
3584 162
3401 130
3984 54
3920 549
3329 128
3306 16
3109 128
3266 312
3656 131
3408 132
3666 300
3538 9
3113 18
3264 280
3126 329
3136 296
3395 128
3619 240
3844 33
3656 7
3605 8
3137 526
3085 480
3274 37
3138 668
3273 276
3396 130
3588 402
3753 256
3092 512
3540 33
3880 259
3156 587
3593 484
3072 219
3328 130
3098 224
3153 648
3269 570
3168 0
3872 128
3584 320
3729 324
3336 4
3120 708
4032 18
3148 145
3339 128
3622 321
3074 500
3146 916
3084 368
3588 267
3073 950
3219 608
3155 800
3112 918
3152 313
3404 673
3136 296
3084 944
3874 65
3076 922
3089 198
3072 64
3620 145
3632 259
3077 16
3360 82
3346 65
3688 129
3265 12
3109 778
3356 547
3078 784
3781 280
3073 748
3080 15
3336 132
3225 768
3393 26
3682 40
3334 113
3624 656
3872 6
3584 26
3589 330
3856 201
3100 611
3460 50
3337 160
3656 37
3076 329
3492 770
3552 10
3268 18
3357 2
3072 388
3137 114
3236 585
3345 44
3472 4
3077 10
3657 276
3348 618
3840 104
3176 400
3112 578
3201 66
3344 8
3340 163
3585 62
3405 0
3170 640
3844 184
3328 562
3073 536
3857 10
3922 44
3152 138
3338 737
3072 121
3457 106
3968 36
3610 289
3328 652
3585 38
3604 106
3072 200
3072 708
3857 74
3328 112
3072 362
3072 162
3712 378
3339 144
3716 64
3396 9
3656 1
3086 642
3332 48
3235 776
3622 392
3459 576
3205 560
3396 25
3074 1001
3204 305
3242 0
3466 1
3074 10
3097 672
4064 2
3074 247
3108 401
3392 680
3656 49
3600 202
3361 708
3333 66
3342 144
3205 122
3116 129
1153 3684
1040 3683
1385 3200
1072 3604
1024 3108
1126 3072
1312 3590
1543 3216
1056 3073
1048 3073
1045 3784
1136 3336
1156 3593
1457 3092
1608 3379
1570 3465
1282 3697
1665 3196
1031 3496
1025 3336
1184 3466
1057 3272
1169 3104
1178 3076
1537 3110
3712 2331
3346 2729
3328 2195
3856 2281
3402 2048
3209 2144
3278 2592
3248 2624
3145 2972
3236 2386
3184 2048
3233 2048
3649 2202
3074 2400
3728 2312
3110 2832
3624 2198
3218 2049
3074 2372
3088 3016
3075 2600
3785 2050
3400 2099
4001 2241
3088 2566
3169 1164
3419 1189
3872 1243
3096 1380
3436 1152
3686 1416
3280 1089
3136 1586
3303 1280
3079 1548
4032 1032
3088 1952
3084 1987
3422 1056
3138 1672
3106 1552
3174 1792
3409 1674
3187 1036
3591 1280
3136 1541
3296 1804
3284 1064
3584 1286
3098 1408
