# Synthetic Kronecker Graph Using RMAT
# K : 7, Sample: 2
# Number of edges: 210
# Graph generation time (s): 0.05
12 0
1 18
0 26
2 24
18 12
31 0
17 0
0 2
4 10
10 20
8 0
20 10
3 0
16 8
29 0
0 0
0 21
18 0
3 0
26 1
9 6
8 20
0 21
5 16
0 22
24 5
6 8
15 0
21 0
8 19
0 20
16 2
4 3
4 3
4 11
0 0
24 4
4 0
20 11
3 8
8 14
0 28
24 33
12 48
16 32
6 49
18 33
0 55
6 40
2 41
16 32
16 35
13 32
24 37
29 34
4 32
4 41
17 36
1 32
0 37
0 32
0 48
31 34
13 48
1 48
19 36
1 54
4 34
0 65
12 82
0 71
12 71
12 64
3 72
4 91
17 64
2 69
8 81
3 64
25 66
16 74
0 88
14 65
13 64
19 76
8 67
1 73
21 64
6 64
2 81
4 88
24 71
24 67
9 68
8 113
11 116
6 104
13 98
5 112
2 112
4 98
16 111
26 97
10 104
1 98
16 105
22 96
18 96
4 99
8 112
36 0
48 5
48 12
50 12
32 21
32 10
36 1
32 3
32 23
58 5
54 0
50 8
32 9
32 3
32 2
60 3
33 30
56 3
46 0
50 0
33 0
32 8
36 11
33 10
62 0
46 0
64 12
66 24
68 10
72 3
68 17
68 11
65 0
68 16
66 8
64 1
74 21
88 0
72 16
76 18
64 21
80 1
88 0
81 0
68 10
81 10
80 1
88 6
68 0
65 0
64 17
64 3
32 75
35 65
36 64
36 74
56 65
48 71
56 64
48 67
34 65
38 64
32 73
48 72
32 67
50 73
50 64
59 64
65 60
65 38
65 34
74 56
68 50
69 56
72 36
70 40
68 32
72 48
67 48
80 43
92 34
76 34
67 34
92 32
97 28
101 0
114 13
98 0
97 8
115 4
96 16
99 16
102 0
96 3
96 2
96 17
103 0
108 3
116 0
106 0
