# Synthetic Kronecker Graph Using RMAT
# K : 8, Sample: 2
# Number of edges: 327
# Graph generation time (s): 0.67
100 17
84 35
80 46
88 32
87 128
192 2
194 0
195 0
178 12
152 34
97 130
148 42
186 0
192 33
196 16
208 6
161 30
148 65
34 89
96 145
112 132
106 1
197 48
13 114
96 13
128 97
52 72
4 121
174 17
130 113
72 129
64 161
68 139
7 0
4 2
0 5
0 4
0 0
1 6
0 1
77 50
144 101
64 180
70 57
0 21
0 22
1 16
1 20
228 16
40 84
56 69
164 74
80 161
168 69
142 80
136 68
247 0
134 73
18 0
16 5
17 2
22 0
69 42
113 12
0 109
72 32
14 97
8 36
13 32
14 33
193 12
33 196
16 40
1 40
3 44
1 40
205 0
24 33
30 96
129 88
7 224
0 233
121 2
19 106
84 138
48 194
0 244
152 64
148 74
195 40
18 228
230 0
220 0
210 34
212 11
98 137
0 56
104 129
8 19
10 17
8 20
204 36
0 28
2 28
0 30
65 152
201 16
72 146
128 109
199 24
89 132
1 132
0 131
5 128
0 132
136 97
3 148
5 144
0 147
8 53
16 128
16 131
17 132
108 18
0 194
6 192
0 196
96 28
1 160
0 165
4 160
1 214
8 210
18 196
36 131
32 129
35 128
32 211
67 172
37 146
48 131
16 10
16 14
16 12
9 4
8 3
8 1
12 3
72 162
25 4
25 0
28 1
1 180
4 10
0 11
2 8
3 12
32 203
21 160
44 194
12 224
5 136
0 139
0 138
9 128
14 129
8 133
224 9
29 130
234 4
33 142
16 140
42 132
8 193
5 200
10 176
9 164
0 172
5 152
12 145
24 194
44 145
16 207
3 188
0 222
48 140
57 132
39 153
21 168
29 160
128 1
131 1
135 0
134 1
68 0
64 4
69 2
66 1
78 0
72 2
72 4
64 17
66 20
69 16
130 16
130 17
128 18
139 16
80 0
80 0
81 6
80 9
89 2
1 64
0 69
1 64
2 68
150 0
144 4
145 2
66 13
65 8
66 8
5 80
0 80
3 80
34 5
32 3
32 0
34 0
32 9
32 9
34 9
132 27
19 68
20 67
16 67
164 1
162 0
165 2
128 34
128 34
128 37
140 33
34 22
37 18
32 23
0 76
0 73
0 78
66 24
32 66
37 66
35 64
42 65
14 65
9 64
13 64
145 8
33 80
48 0
49 0
52 2
130 49
156 1
1 94
25 64
13 80
136 2
137 4
136 6
16 79
133 8
132 9
129 8
72 16
183 0
146 32
164 8
0 100
2 100
1 100
160 18
171 0
1 116
18 101
128 45
97 0
100 2
96 1
52 66
44 1
40 4
40 7
160 71
4 35
5 32
0 35
4 34
57 2
39 72
136 52
134 64
128 64
128 65
18 33
20 34
18 33
50 12
128 57
161 80
68 33
65 34
71 32
177 70
36 24
64 129
68 128
67 128
130 80
69 48
0 49
2 48
3 48
44 19
70 144
114 0
