# Synthetic Kronecker Graph Using RMAT
# K : 9, Sample: 2
# Number of edges: 1018
# Graph generation time (s): 0.03
16 38
2 84
12 18
26 100
48 76
108 0
0 103
32 22
66 0
17 64
96 4
32 88
1 70
16 13
2 84
35 20
32 81
98 4
52 0
12 0
32 19
96 0
1 2
44 64
9 2
34 64
17 42
43 4
96 20
0 76
0 72
0 12
60 2
74 16
75 0
3 17
88 1
40 80
9 54
20 9
96 0
29 66
24 0
80 40
66 37
12 96
6 101
74 24
0 83
0 25
46 64
66 8
32 72
34 80
16 102
33 18
36 65
1 92
64 17
56 1
18 64
58 65
8 96
97 2
4 81
39 0
30 64
59 0
19 100
77 98
84 33
81 0
2 56
4 113
66 0
64 32
12 75
32 3
33 76
5 72
4 89
0 48
20 104
9 48
32 65
64 10
100 11
40 4
22 64
19 40
32 24
48 3
19 20
7 64
76 49
14 0
1 14
2 65
0 66
44 21
81 6
0 14
6 0
115 8
28 35
8 16
16 0
18 100
0 43
39 92
52 8
68 3
32 0
16 5
54 0
60 65
4 77
0 74
6 1
0 38
36 9
9 0
72 0
16 75
11 68
30 0
32 13
20 32
65 18
36 10
50 64
100 24
0 113
81 0
0 16
8 23
8 81
2 69
50 13
16 2
17 96
64 37
16 64
48 11
32 87
0 29
0 3
96 6
0 28
12 80
89 0
36 83
0 8
0 41
73 16
22 1
24 0
0 12
10 0
69 56
22 32
98 8
32 88
4 18
33 17
16 110
89 2
36 11
4 88
17 74
0 68
65 52
55 32
27 0
54 40
1 6
64 14
65 0
8 98
20 8
5 72
58 16
9 98
24 0
34 80
51 64
96 16
19 0
24 0
3 116
8 50
2 21
1 56
16 108
26 66
33 10
0 40
72 0
0 90
98 17
26 229
32 192
12 177
112 128
33 215
70 145
34 153
1 200
66 181
2 169
1 210
48 196
96 146
10 148
16 201
4 176
0 232
10 177
52 128
23 232
43 144
20 128
41 134
5 128
70 162
4 129
80 139
51 132
0 130
75 144
50 140
66 157
32 131
103 136
1 152
2 176
6 192
0 132
16 141
10 160
8 160
20 161
48 192
64 149
0 131
12 129
4 137
42 149
3 204
4 137
0 200
24 133
108 128
0 198
0 148
0 157
42 193
37 160
34 141
36 154
2 180
80 165
28 192
12 224
19 173
73 128
56 132
120 138
35 128
25 180
55 193
25 228
4 138
17 162
98 133
0 146
112 129
8 129
92 129
29 192
38 129
10 148
0 128
32 134
4 233
32 198
8 165
64 135
1 164
33 136
12 128
64 134
52 136
66 160
48 132
68 160
17 136
52 129
81 154
67 176
2 204
28 130
1 164
67 128
36 146
34 216
2 128
42 196
0 225
64 171
80 128
0 168
56 199
65 184
16 202
10 224
80 131
91 160
7 128
34 136
104 136
33 136
1 128
39 200
160 77
232 2
150 41
132 2
147 8
208 36
202 21
145 8
156 0
128 27
229 0
128 74
132 11
208 1
200 52
129 66
168 17
145 66
130 84
164 16
160 6
145 0
129 115
138 80
192 56
129 41
129 72
202 48
193 4
162 2
139 20
131 4
160 10
188 64
229 18
192 11
138 96
144 65
128 64
224 18
142 96
192 8
152 0
145 36
208 4
192 17
198 25
128 64
233 80
137 20
140 64
136 32
128 121
206 32
134 41
177 8
140 48
187 4
130 72
140 64
144 8
193 22
153 66
128 1
128 41
200 36
128 101
128 74
192 44
129 36
168 7
161 30
129 8
140 17
146 97
200 5
137 64
145 0
137 32
133 3
129 8
130 72
128 96
144 44
136 6
224 12
219 12
128 8
132 97
132 51
128 73
208 32
138 65
162 16
195 24
209 2
225 0
128 90
141 18
192 14
160 83
212 4
130 48
132 1
130 8
194 4
128 64
176 4
130 0
145 2
171 16
136 17
192 17
216 32
131 0
128 39
132 0
208 1
216 53
129 24
225 4
148 2
166 89
202 17
288 303
321 296
256 335
408 320
417 320
96 258
32 277
67 310
29 336
9 370
17 300
96 261
12 370
75 284
13 336
18 324
17 360
25 320
72 278
22 360
2 304
69 256
10 289
66 292
104 257
34 273
2 273
5 256
97 260
104 257
64 264
82 261
79 256
65 288
8 339
20 297
2 284
80 266
0 331
32 257
0 328
9 326
88 295
55 264
28 257
124 256
16 264
114 265
32 276
4 376
10 320
13 256
82 276
72 274
12 257
4 289
4 321
28 320
72 256
1 304
64 259
0 302
62 323
1 364
4 329
64 273
105 268
32 340
50 257
84 258
40 281
9 290
4 265
9 370
2 328
0 358
10 364
8 292
27 320
1 308
17 260
4 361
16 354
15 322
4 267
0 300
72 263
32 257
1 290
42 272
17 270
19 356
21 330
42 260
2 276
0 321
15 338
72 304
4 320
41 338
2 296
0 336
0 266
23 296
66 296
20 361
4 296
2 372
78 273
32 269
38 256
1 376
71 272
0 336
48 262
73 272
70 305
107 272
36 328
1 360
9 290
96 277
21 288
18 261
44 338
32 266
8 260
12 321
2 368
200 436
128 404
256 38
256 97
312 66
272 72
338 32
258 20
314 5
288 82
322 20
354 9
294 9
257 12
306 73
269 18
258 16
364 5
289 66
302 16
266 33
256 72
276 33
376 6
354 24
290 24
258 100
268 51
280 100
260 2
290 69
262 32
308 107
258 16
265 80
262 104
280 36
261 64
258 8
256 17
294 64
275 0
280 1
297 80
320 5
258 4
295 0
361 19
266 49
292 9
256 68
327 8
257 64
272 76
337 10
280 67
281 0
260 50
272 98
339 8
260 18
264 50
268 0
280 68
309 26
300 16
256 42
320 58
341 32
285 34
262 25
263 16
272 104
264 57
328 50
273 8
256 1
260 11
272 2
256 124
264 68
368 4
320 0
272 12
328 71
256 81
289 14
276 67
306 80
340 0
256 87
339 12
336 46
291 0
328 1
371 8
260 11
292 72
256 53
274 5
330 4
260 10
283 104
277 0
272 40
276 40
264 48
286 0
272 96
258 124
256 48
360 4
324 2
304 9
257 44
288 15
272 38
361 0
320 39
316 64
256 74
264 96
262 57
281 96
257 0
292 2
130 160
217 128
128 238
21 394
0 460
0 448
4 482
0 477
125 386
33 394
40 448
16 468
65 388
32 434
84 419
48 456
42 452
1 488
0 388
64 392
104 391
76 432
8 451
2 424
64 423
6 496
22 384
0 420
13 416
89 384
80 416
12 387
96 410
68 386
0 406
104 386
86 488
0 398
32 384
84 392
64 431
17 388
118 385
40 390
36 468
2 490
41 468
4 472
70 432
118 384
25 480
3 452
25 384
13 480
46 401
78 416
0 498
0 434
0 479
5 456
20 419
0 458
8 388
96 410
40 403
55 448
17 482
5 440
69 384
0 450
34 461
75 400
36 395
64 384
0 389
18 428
1 438
8 487
17 418
23 416
265 390
341 384
495 144
384 132
384 70
385 96
432 10
416 31
400 65
388 66
396 2
480 56
392 0
419 28
389 0
456 52
452 32
449 24
384 44
391 32
385 50
496 10
480 8
385 2
384 23
449 16
389 2
417 10
466 44
401 96
432 8
464 4
452 58
473 34
394 1
386 108
418 0
448 34
424 82
416 28
498 12
417 68
385 30
384 96
462 0
385 66
449 56
468 32
408 69
396 65
400 38
389 24
420 80
452 32
452 50
384 36
401 0
466 0
488 68
388 33
436 0
386 36
386 97
402 64
464 10
384 0
482 28
386 40
482 28
384 6
389 114
404 3
384 13
417 20
466 32
448 32
394 84
453 32
450 26
420 89
392 80
156 290
136 321
136 261
128 308
132 312
202 263
148 344
128 288
196 264
178 264
160 346
129 342
128 366
162 256
169 260
161 322
128 320
154 256
248 262
200 260
129 294
227 321
150 289
130 300
130 292
128 315
177 268
212 297
160 332
211 260
226 257
128 369
132 320
244 265
134 352
136 257
166 257
180 264
129 268
157 352
161 336
132 352
128 311
145 332
136 288
149 328
128 339
145 300
129 306
145 256
193 264
128 288
192 263
152 353
216 260
209 292
128 302
192 307
144 289
128 256
177 334
128 265
137 260
172 256
146 293
132 268
132 288
149 320
160 261
132 320
160 259
193 264
145 266
193 306
208 256
162 265
128 320
272 129
268 128
276 130
292 192
344 133
272 171
311 200
281 132
323 148
324 168
260 155
265 130
344 165
304 134
258 253
257 204
298 133
290 132
256 128
258 192
257 176
354 133
328 180
278 129
290 148
290 128
352 128
304 193
304 129
290 136
280 130
329 146
256 170
289 128
314 228
274 168
261 224
277 136
299 148
289 208
264 245
324 136
297 160
304 135
258 149
326 137
328 134
273 136
256 129
325 130
336 168
320 152
320 186
289 136
269 192
320 137
266 129
329 178
288 140
320 147
328 148
341 128
324 184
336 168
294 129
301 192
322 129
280 227
260 130
270 180
256 248
324 160
376 128
256 170
264 147
338 164
324 128
