# Synthetic Kronecker Graph Using RMAT
# K : 8, Sample: 2# Number of edges: 108
# Graph generation time (s): 0.50
11 9
9 13
10 13
4 16
3 18
25 1
0 2
5 0
0 0
2 0
0 0
2 2
4 1
2 2
1 10
6 13
15 1
12 4
8 0
35 35
37 34
37 32
40 33
44 40
20 20
16 20
18 18
30 22
27 25
19 1
17 0
19 2
25 11
32 41
38 0
34 3
38 7
13 25
33 96
4 64
3 67
33 48
16 24
2 130
0 128
13 139
8 40
54 32
40 2
47 10
21 81
50 49
65 84
65 65
71 68
64 65
72 66
72 73
23 145
84 64
52 4
48 16
23 51
80 83
68 101
0 36
0 32
100 101
8 72
96 4
130 0
132 0
128 0
137 5
140 12
64 72
100 70
144 2
146 18
33 166
68 5
70 4
64 0
72 0
74 8
65 193
161 6
82 3
167 37
194 67
97 36
80 16
197 4
129 129
131 130
133 134
136 136
148 132
130 144
192 128
147 147
133 197
197 197
131 164
165 135
162 164
137 129
131 137
