# Synthetic Kronecker Graph Using RMAT
# K : 8, Sample: 2
# Number of edges: 361
# Graph generation time (s): 0.87
0 129
2 129
1 130
5 133
0 132
68 4
64 0
68 5
64 0
70 19
66 228
4 228
0 148
2 151
4 156
12 158
81 2
18 129
16 146
20 145
20 152
29 153
101 33
96 32
105 41
1 193
0 193
6 212
82 20
80 17
4 36
0 32
3 34
4 37
1 37
12 32
10 42
10 46
4 55
6 51
7 61
8 56
19 50
16 53
34 231
1 6
5 1
6 4
1 1
2 1
0 6
2 5
4 5
0 5
5 3
4 4
132 64
17 35
162 134
165 132
4 19
1 17
0 20
0 16
1 19
39 70
100 230
17 213
32 97
37 101
20 0
18 4
22 2
22 4
17 20
16 16
18 18
17 19
21 22
18 16
28 29
24 28
25 25
33 162
37 160
4 164
2 166
35 36
38 38
38 34
36 36
32 36
32 32
128 144
134 150
6 178
148 128
144 128
146 150
149 145
145 149
1 69
5 71
0 70
4 64
7 67
4 74
1 74
69 192
67 199
34 112
99 7
0 81
5 85
69 213
128 129
129 131
130 130
133 133
129 133
131 129
32 50
32 54
16 80
22 82
16 69
32 129
49 36
52 32
162 34
167 37
51 51
52 48
50 50
1 96
6 99
64 39
85 213
1 117
176 53
115 50
65 99
64 96
128 0
134 4
133 2
130 3
54 176
10 131
64 112
1 142
4 138
20 182
192 224
88 27
128 19
14 136
12 141
177 148
22 25
17 30
48 113
148 2
25 20
27 23
100 64
101 71
111 77
2 42
4 44
135 39
8 16
64 128
8 30
10 24
0 25
2 24
170 139
32 180
165 4
68 13
198 196
196 192
193 193
200 199
203 200
30 14
26 11
72 9
72 10
36 172
12 200
18 8
76 5
198 214
1 204
29 3
224 192
40 170
14 70
36 4
32 0
38 4
32 2
128 152
35 41
36 41
143 159
9 75
9 72
4 172
46 38
46 34
35 23
8 174
33 105
41 45
40 42
45 40
198 5
44 108
48 0
154 154
37 57
156 144
99 99
99 103
99 100
106 100
131 137
128 137
114 84
53 20
51 20
60 24
224 96
140 132
139 131
136 138
137 136
138 139
86 118
28 94
20 61
152 137
96 112
18 94
27 59
161 161
165 166
164 160
145 155
0 8
0 8
5 13
3 8
3 8
161 177
9 8
9 13
12 8
8 14
13 12
13 15
10 4
8 3
10 0
10 3
44 61
70 204
179 161
74 206
58 41
182 177
184 184
113 97
65 65
67 67
66 66
71 67
64 66
70 66
4 94
10 90
132 167
131 166
68 84
68 81
18 119
134 182
10 105
214 194
175 47
146 23
144 17
5 104
81 67
80 68
215 208
131 199
128 192
128 214
134 14
138 15
140 12
86 80
81 82
85 81
80 90
136 3
229 165
116 116
144 208
68 109
195 64
194 66
150 179
193 128
194 131
210 80
192 205
74 104
42 14
40 12
38 14
104 106
42 6
96 108
162 230
214 148
134 230
168 161
166 173
168 168
57 48
56 56
52 62
76 66
76 64
231 231
70 74
65 77
73 75
73 76
72 73
88 76
132 173
137 170
240 244
128 200
153 27
218 219
136 202
64 93
76 92
124 124
88 88
88 84
204 77
237 233
204 136
