# Synthetic Kronecker Graph Using RMAT
# K : 8, Sample: 2
# Number of edges: 506
# Graph generation time (s): 0.03
10 9
32 49
6 14
54 23
16 16
51 49
23 23
24 24
11 41
42 40
24 24
5 13
33 35
30 28
13 12
25 9
29 45
5 19
13 37
10 41
35 8
10 42
0 0
13 9
52 20
36 36
58 50
6 52
8 0
15 2
51 57
58 59
41 25
49 41
16 18
3 3
6 44
7 14
33 0
45 37
40 0
22 52
56 56
5 20
6 23
52 53
62 22
8 8
3 11
52 22
11 42
55 53
3 3
18 18
27 29
26 26
16 32
28 12
25 24
5 6
42 42
0 0
6 7
52 52
8 24
52 52
17 16
60 56
8 40
6 2
8 1
17 51
51 29
5 9
39 2
3 18
34 51
13 8
38 50
41 33
24 16
7 2
38 6
16 24
47 42
30 18
1 1
38 38
44 40
15 44
24 9
48 49
41 33
28 12
13 40
60 60
4 60
34 39
32 34
36 22
17 49
55 43
22 22
40 32
27 59
36 42
43 47
78 15
83 19
118 54
69 0
79 44
119 17
125 29
92 28
89 25
112 32
83 18
64 0
83 19
77 9
83 19
92 45
64 0
96 32
74 14
97 33
97 1
82 19
87 23
122 58
123 26
120 26
28 92
42 98
28 92
55 118
25 89
24 64
8 96
22 86
23 87
36 84
8 80
32 120
45 109
40 96
38 102
26 80
2 66
22 82
41 105
8 74
7 84
10 66
6 107
63 109
10 73
15 75
124 108
85 77
119 115
76 76
94 86
85 83
98 106
67 74
89 113
96 64
94 90
112 114
118 116
73 73
116 116
106 126
90 78
64 70
103 119
98 70
104 105
106 107
64 64
73 89
86 114
100 116
114 82
89 83
118 118
73 64
106 70
114 112
65 65
64 90
65 73
74 70
80 80
120 120
97 79
72 64
73 69
76 111
88 72
72 72
125 73
97 97
102 98
84 102
88 120
66 88
78 78
68 84
113 83
78 98
125 109
86 87
124 126
84 84
81 117
83 81
84 85
66 66
70 66
72 72
93 73
71 71
95 91
98 98
86 80
84 87
99 101
68 66
67 67
101 97
54 160
24 140
0 145
24 155
36 164
41 173
26 174
32 128
12 140
36 176
48 180
2 130
54 182
26 146
34 162
54 166
4 144
26 150
12 140
55 179
55 174
18 184
58 146
18 178
60 161
13 157
4 196
46 236
39 196
43 239
52 228
24 233
83 183
69 133
85 191
96 160
112 160
64 128
155 27
191 31
161 37
184 58
130 2
164 33
145 17
131 33
131 0
132 30
166 22
131 3
183 47
143 11
146 16
135 13
177 49
143 3
136 26
170 46
144 16
184 48
157 29
141 4
165 0
139 11
128 114
181 116
168 66
179 84
139 67
152 72
250 126
204 78
221 93
199 71
201 81
193 97
194 82
201 65
210 81
252 92
219 91
196 64
252 104
200 104
239 108
245 121
213 84
217 75
64 208
74 201
67 210
100 224
120 204
72 194
80 212
90 218
88 250
109 239
75 201
102 242
68 196
79 222
96 192
126 223
76 221
72 216
148 150
131 131
174 130
133 133
166 131
165 141
162 131
163 187
160 154
171 169
176 160
148 150
158 158
138 169
130 166
165 167
140 139
160 144
154 136
160 160
132 132
190 174
179 179
151 151
140 140
161 170
180 188
160 134
190 190
176 176
176 176
163 175
128 130
139 131
173 169
153 136
156 158
148 190
160 129
166 166
168 186
129 185
141 141
140 140
140 136
164 172
145 129
176 176
142 136
180 189
138 170
176 184
132 137
177 179
189 149
147 147
142 142
162 170
136 168
191 183
149 133
136 140
147 179
158 148
172 136
145 147
186 178
142 160
129 133
129 129
181 180
130 134
133 158
128 139
146 211
144 226
129 201
176 232
169 240
161 225
181 252
165 231
151 192
140 224
143 202
128 200
148 215
129 227
134 199
178 242
150 210
130 202
211 211
254 238
236 239
198 209
226 234
208 204
228 228
195 195
194 248
211 211
225 233
225 224
195 193
242 248
192 202
226 250
248 249
212 196
199 195
225 233
193 193
200 221
213 254
231 243
209 213
230 247
233 205
217 250
201 201
199 199
202 202
201 231
197 197
192 236
242 204
209 211
225 240
197 197
193 195
238 234
236 224
207 207
208 208
202 211
209 209
217 217
224 192
218 210
232 249
213 213
236 237
207 13
201 25
241 32
232 40
206 62
202 3
224 168
211 162
243 178
230 163
237 173
239 163
224 138
248 154
202 142
236 128
228 180
225 160
231 172
218 173
192 130
195 145
224 128
199 133
